Time,LoxPressure(PSI),KeroPressure(PSI)
0,.,0,1,6,4,5,9,0,5,3,4,9,7,0,0,6,4,9,3,",",0,.,6,5,9,2,9,3,6,5,5,6,2,7,3,7,8,7,",",1,6,2,9,8,4,1,9,2,5,.,8,3,0,2,0,1
0,.,2,5,5,0,4,5,8,6,6,0,1,3,5,0,7,6,5,",",0,.,8,3,1,0,9,9,2,6,6,4,0,1,8,4,4,",",1,6,2,9,8,4,1,9,2,5,.,8,3,0,2,0,1
0,.,5,9,6,1,1,0,6,5,4,8,3,2,3,0,1,6,",",0,.,0,2,5,9,9,2,5,9,3,7,3,0,5,2,5,2,0,4,",",1,6,2,9,8,4,1,9,2,5,.,8,3,0,2,0,1
0,.,5,2,5,8,6,0,7,0,7,9,9,0,4,8,4,2,",",0,.,1,2,8,2,6,0,4,3,1,6,9,3,0,2,8,9,2,",",1,6,2,9,8,4,1,9,2,5,.,8,3,0,2,0,1
0,.,2,4,7,4,3,5,1,8,9,9,3,4,5,1,6,6,3,",",0,.,6,0,2,3,7,3,6,4,1,6,4,0,4,2,6,4,",",1,6,2,9,8,4,1,9,2,5,.,8,3,0,2,0,1
0,.,3,4,3,6,2,7,0,7,1,0,8,6,3,9,7,2,3,",",0,.,8,4,8,2,4,2,9,4,1,2,2,3,2,6,7,6,",",1,6,2,9,8,4,1,9,2,5,.,8,3,0,2,0,1
0,.,1,5,2,4,3,3,8,3,3,2,3,9,0,0,5,6,",",0,.,5,2,2,5,2,3,4,9,2,1,7,2,2,5,1,",",1,6,2,9,8,4,1,9,2,5,.,8,3,0,2,0,1
0,.,6,1,3,2,1,9,5,9,8,9,1,9,6,5,2,6,",",0,.,9,3,6,1,6,2,0,0,9,1,3,2,2,1,7,8,",",1,6,2,9,8,4,1,9,2,5,.,8,3,0,2,0,1
0,.,5,7,1,6,3,7,6,4,2,5,8,9,7,5,8,5,",",0,.,5,0,5,8,5,1,8,6,4,1,0,1,3,5,0,7,",",1,6,2,9,8,4,1,9,2,5,.,8,3,0,2,0,1
0,.,2,9,8,1,3,1,5,4,0,4,4,8,6,0,2,9,",",0,.,7,3,7,5,2,5,4,2,9,1,1,4,6,5,8,",",1,6,2,9,8,4,1,9,2,5,.,8,3,0,2,0,1
0,.,7,8,5,3,0,6,1,7,6,4,3,3,5,4,0,3,",",0,.,6,5,6,8,4,3,1,5,2,6,3,9,0,8,1,8,",",1,6,2,9,8,4,1,9,2,5,.,8,3,0,2,0,1
0,.,5,0,9,5,9,8,0,9,5,9,6,0,6,6,9,9,",",0,.,3,1,0,3,0,7,4,5,4,3,7,3,7,5,5,7,3,",",1,6,2,9,8,4,1,9,2,5,.,8,3,0,2,0,1
0,.,6,4,5,2,0,5,9,1,9,2,4,8,8,6,8,2,",",0,.,0,4,3,6,5,1,2,9,6,0,4,1,4,3,0,0,3,",",1,6,2,9,8,4,1,9,2,5,.,8,3,0,2,0,1
0,.,1,5,9,8,2,2,7,1,0,1,9,7,6,7,5,3,6,",",0,.,8,1,2,1,9,8,7,3,8,0,9,4,5,2,9,1,",",1,6,2,9,8,4,1,9,2,5,.,8,3,0,2,0,1
0,.,2,9,6,2,1,8,7,6,3,9,6,2,1,0,1,5,6,",",0,.,5,0,6,2,3,1,7,2,0,9,4,2,1,6,0,4,",",1,6,2,9,8,4,1,9,2,5,.,8,3,0,2,0,1
0,.,1,3,3,7,9,7,3,0,5,4,9,1,5,6,3,1,",",0,.,4,6,3,7,2,3,3,1,3,4,1,8,2,5,6,2,3,",",1,6,2,9,8,4,1,9,2,5,.,8,3,0,2,0,1
0,.,7,0,9,7,0,1,8,0,5,1,3,2,2,5,5,6,",",0,.,0,7,5,1,1,8,8,7,6,3,7,2,9,2,0,3,6,",",1,6,2,9,8,4,1,9,2,5,.,8,3,0,2,0,1
0,.,8,8,1,5,6,1,8,7,8,2,5,7,8,3,8,8,",",0,.,9,2,5,0,2,2,2,4,4,1,3,8,8,0,7,3,",",1,6,2,9,8,4,1,9,2,5,.,8,3,0,2,0,1
0,.,2,8,1,5,9,2,8,9,2,5,6,1,9,4,8,6,4,",",0,.,3,1,6,0,4,8,4,2,1,9,0,0,1,9,6,5,5,",",1,6,2,9,8,4,1,9,2,5,.,8,3,0,2,0,1
0,.,1,7,0,5,0,0,5,5,7,1,2,0,9,9,8,2,",",0,.,8,3,5,3,4,0,6,1,8,5,4,6,3,8,",",1,6,2,9,8,4,1,9,2,5,.,8,3,0,2,0,1
0,.,3,8,7,8,7,0,3,2,7,3,5,1,1,8,6,2,",",0,.,2,8,5,0,3,5,2,3,8,7,4,2,8,3,2,",",1,6,2,9,8,4,1,9,2,5,.,8,3,0,2,0,1
0,.,5,8,7,0,3,3,9,5,3,5,9,5,7,0,0,9,",",0,.,7,1,3,9,3,0,4,7,5,0,7,4,7,3,1,3,",",1,6,2,9,8,4,1,9,2,5,.,8,3,0,2,0,1
0,.,9,9,8,7,5,4,5,3,8,9,4,2,9,7,2,6,",",0,.,7,6,7,5,2,9,0,0,2,0,4,5,2,3,3,1,",",1,6,2,9,8,4,1,9,2,5,.,8,3,0,2,0,1
0,.,6,6,9,7,7,5,9,3,3,4,4,3,1,3,7,",",0,.,0,9,3,1,1,2,4,9,0,6,5,4,8,5,4,0,5,",",1,6,2,9,8,4,1,9,2,5,.,8,3,0,2,0,1
0,.,6,5,7,9,1,9,5,9,9,5,0,7,1,8,9,5,",",0,.,4,3,2,3,4,3,1,2,1,3,3,2,9,1,7,8,6,",",1,6,2,9,8,4,1,9,2,5,.,8,3,0,2,0,1
0,.,0,7,6,2,6,6,8,2,4,9,2,1,0,1,4,6,6,",",0,.,4,1,0,6,6,2,1,1,4,6,7,2,4,1,5,6,5,",",1,6,2,9,8,4,1,9,2,5,.,8,3,0,2,0,1
0,.,2,7,3,0,1,7,9,5,2,7,0,9,0,0,0,5,3,",",0,.,1,5,5,3,5,3,6,4,5,6,2,2,5,3,2,3,",",1,6,2,9,8,4,1,9,2,5,.,8,3,0,2,0,1
0,.,3,0,6,4,7,9,4,3,6,3,4,9,8,5,7,6,4,",",0,.,1,7,1,2,9,3,6,6,7,2,8,9,7,2,6,1,7,",",1,6,2,9,8,4,1,9,2,5,.,8,3,0,2,0,1
0,.,3,0,4,7,8,9,1,1,9,3,7,4,0,3,4,8,6,",",0,.,4,5,4,5,4,2,1,5,3,8,3,1,4,3,2,2,6,",",1,6,2,9,8,4,1,9,2,5,.,8,3,0,2,0,1
0,.,3,7,9,6,5,3,2,2,7,7,2,8,0,1,4,4,6,",",0,.,2,3,0,9,6,6,3,8,4,6,8,8,4,1,0,1,3,",",1,6,2,9,8,4,1,9,2,5,.,8,3,0,2,0,1
0,.,5,6,8,4,1,1,6,9,1,3,8,6,0,0,3,9,",",0,.,2,3,0,0,9,7,0,5,5,4,7,3,0,9,2,4,5,",",1,6,2,9,8,4,1,9,2,5,.,8,3,0,2,0,1
0,.,8,7,4,2,1,4,6,8,5,7,2,7,7,3,1,",",0,.,4,4,2,4,8,1,5,2,2,3,1,9,0,1,1,5,",",1,6,2,9,8,4,1,9,2,5,.,8,3,0,2,0,1
0,.,3,3,6,1,8,5,4,5,9,6,8,0,9,0,8,9,6,",",0,.,7,1,0,6,9,7,1,2,8,5,3,3,0,8,5,2,",",1,6,2,9,8,4,1,9,2,5,.,8,3,0,2,0,1
0,.,6,5,3,7,4,7,1,0,3,3,3,9,1,6,8,6,",",0,.,9,6,7,5,9,5,9,0,8,0,9,1,5,8,8,8,",",1,6,2,9,8,4,1,9,2,5,.,8,3,0,2,0,1
0,.,9,6,1,5,9,8,3,7,4,1,4,9,5,5,6,4,",",0,.,1,3,8,1,7,3,5,1,1,8,9,5,7,1,6,1,4,",",1,6,2,9,8,4,1,9,2,5,.,8,3,0,2,0,1
0,.,9,9,5,8,3,5,4,8,0,1,3,4,9,2,4,1,",",0,.,0,8,3,6,1,9,5,2,6,3,3,4,0,8,0,8,7,",",1,6,2,9,8,4,1,9,2,5,.,8,3,0,2,0,1
0,.,4,7,2,1,5,9,1,2,2,6,5,7,5,1,6,6,",",0,.,9,7,4,7,7,1,4,3,3,7,9,5,7,9,0,5,",",1,6,2,9,8,4,1,9,2,5,.,8,3,0,2,0,1
0,.,6,7,8,0,9,3,9,3,7,2,1,4,5,6,5,2,",",0,.,6,5,2,4,8,4,8,5,5,3,5,5,2,8,0,9,",",1,6,2,9,8,4,1,9,2,5,.,8,3,0,2,0,1
0,.,6,7,5,0,4,0,8,9,9,9,3,3,3,3,5,2,",",0,.,9,1,0,4,2,6,5,5,3,7,1,5,3,4,5,8,",",1,6,2,9,8,4,1,9,2,5,.,8,3,0,2,0,1
0,.,1,4,7,0,5,7,6,5,9,5,0,7,5,5,2,7,8,",",0,.,4,6,7,7,2,7,4,2,3,2,7,0,6,2,7,1,",",1,6,2,9,8,4,1,9,2,5,.,8,3,0,2,0,1
0,.,2,7,3,8,4,9,3,6,6,9,0,5,3,0,4,5,",",0,.,7,9,6,8,2,0,0,5,2,4,6,2,9,5,4,8,",",1,6,2,9,8,4,1,9,2,5,.,8,3,0,2,0,1
0,.,2,0,1,6,4,5,9,4,6,6,0,1,5,3,6,5,6,",",0,.,8,9,9,8,2,7,6,0,7,7,6,8,7,2,3,1,",",1,6,2,9,8,4,1,9,2,5,.,8,3,0,2,0,1
0,.,4,9,7,0,3,0,0,6,3,5,0,7,4,9,6,3,4,",",0,.,6,7,7,6,3,2,0,8,0,7,0,1,2,5,2,",",1,6,2,9,8,4,1,9,2,5,.,8,3,0,2,0,1
0,.,6,6,9,0,1,5,6,5,0,2,9,2,7,9,0,1,",",0,.,1,6,4,4,2,4,5,6,7,5,6,9,8,0,9,9,4,",",1,6,2,9,8,4,1,9,2,5,.,8,3,0,2,0,1
0,.,9,7,8,1,0,9,2,5,1,3,6,7,7,5,6,6,",",0,.,2,4,2,2,3,3,1,9,1,8,3,8,8,5,6,6,",",1,6,2,9,8,4,1,9,2,5,.,8,3,0,2,0,1
0,.,9,7,4,5,9,0,0,4,9,2,8,2,5,0,0,5,",",0,.,9,3,7,4,1,7,7,4,6,5,7,6,4,6,8,",",1,6,2,9,8,4,1,9,2,5,.,8,3,0,2,0,1
0,.,9,3,1,5,9,5,6,1,0,6,6,0,3,5,4,8,",",0,.,7,8,3,0,6,5,1,1,8,2,2,2,1,7,9,2,",",1,6,2,9,8,4,1,9,2,5,.,8,3,0,2,0,1
0,.,8,7,7,2,6,7,8,2,5,6,5,1,1,5,5,5,",",0,.,5,6,1,5,7,3,4,1,0,8,4,7,2,3,8,7,",",1,6,2,9,8,4,1,9,2,5,.,8,3,0,2,0,1
0,.,6,8,0,0,6,7,3,0,9,9,1,5,0,4,4,8,",",0,.,2,9,5,7,0,1,3,1,0,3,4,4,0,5,6,3,3,",",1,6,2,9,8,4,1,9,2,5,.,8,3,0,2,0,1
0,.,5,1,9,6,2,1,6,1,2,0,3,5,5,0,5,8,",",0,.,8,2,7,7,6,5,9,6,6,5,7,4,2,4,5,2,",",1,6,2,9,8,4,1,9,2,5,.,8,3,0,2,0,1
0,.,5,7,3,0,2,8,8,6,5,7,1,0,7,2,0,3,",",0,.,2,9,0,3,8,6,4,0,7,6,5,4,9,8,5,",",1,6,2,9,8,4,1,9,2,5,.,8,3,0,2,0,1
0,.,3,5,0,8,3,1,4,0,0,3,0,5,3,0,3,2,4,",",0,.,7,8,7,7,9,9,5,6,1,0,5,2,8,6,5,4,",",1,6,2,9,8,4,1,9,2,5,.,8,3,0,2,0,1
0,.,4,1,4,0,6,7,6,1,6,3,8,3,3,2,2,9,",",0,.,4,0,5,9,1,1,0,6,4,5,9,1,8,4,0,2,3,",",1,6,2,9,8,4,1,9,2,5,.,8,3,0,2,0,1
0,.,9,2,8,0,7,2,1,0,4,2,0,3,8,0,1,7,",",0,.,0,6,4,5,9,7,0,1,0,2,0,8,5,4,3,0,3,",",1,6,2,9,8,4,1,9,2,5,.,8,3,0,2,0,1
0,.,7,7,6,0,7,3,8,7,7,5,6,1,8,0,3,9,",",0,.,5,6,1,8,6,7,9,6,4,9,9,3,5,5,4,7,",",1,6,2,9,8,4,1,9,2,5,.,8,3,0,2,0,1
0,.,8,0,8,7,6,5,9,7,8,5,4,9,7,5,5,5,",",0,.,7,5,6,9,7,4,0,1,6,2,4,7,4,9,3,9,",",1,6,2,9,8,4,1,9,2,5,.,8,3,0,2,0,1
0,.,2,9,4,7,7,3,4,1,4,2,1,7,5,6,5,5,3,",",0,.,8,1,6,8,6,0,1,1,3,4,5,5,9,6,5,5,",",1,6,2,9,8,4,1,9,2,5,.,8,3,0,2,0,1
0,.,8,0,1,5,7,0,6,3,3,4,3,4,9,6,9,9,",",0,.,7,1,2,1,9,9,8,2,9,1,1,3,1,7,9,4,",",1,6,2,9,8,4,1,9,2,5,.,8,3,0,2,0,1
0,.,8,1,5,3,3,8,6,4,7,2,1,0,0,1,4,5,",",0,.,5,7,4,1,1,9,0,9,7,4,2,7,1,6,3,2,",",1,6,2,9,8,4,1,9,2,5,.,8,3,0,2,0,1
0,.,4,3,9,3,3,4,6,6,4,5,4,6,3,2,2,5,3,",",0,.,9,5,8,1,4,8,3,5,5,1,3,8,5,4,5,",",1,6,2,9,8,4,1,9,2,5,.,8,3,0,2,0,1
0,.,6,5,8,6,0,4,0,2,7,2,1,0,8,1,9,8,",",0,.,1,3,0,1,2,8,7,6,3,2,9,9,7,5,6,5,3,",",1,6,2,9,8,4,1,9,2,5,.,8,3,0,2,0,1
0,.,3,1,8,3,1,9,1,1,4,4,3,8,4,5,8,0,6,",",0,.,2,2,8,6,0,7,9,2,6,0,5,9,3,1,7,1,2,",",1,6,2,9,8,4,1,9,2,5,.,8,3,0,2,0,1
0,.,3,5,5,9,1,8,7,2,1,3,5,0,9,6,6,6,",",0,.,3,1,6,6,7,4,4,7,9,2,7,5,2,9,6,7,",",1,6,2,9,8,4,1,9,2,5,.,8,3,0,2,0,1
0,.,8,7,4,8,0,3,7,2,0,8,1,2,1,7,7,5,",",0,.,6,7,7,6,5,4,9,8,5,9,2,1,2,3,9,",",1,6,2,9,8,4,1,9,2,5,.,8,3,0,2,0,1
0,.,2,7,4,2,9,6,7,1,4,3,1,1,9,4,4,8,",",0,.,7,5,1,5,2,3,6,1,7,6,6,9,0,3,4,1,",",1,6,2,9,8,4,1,9,2,5,.,8,3,0,2,0,1
0,.,4,8,4,7,1,3,5,2,6,5,4,1,0,4,7,0,5,",",0,.,6,7,2,6,1,0,8,9,9,6,2,9,6,1,0,1,",",1,6,2,9,8,4,1,9,2,5,.,8,3,0,2,0,1
0,.,3,8,4,6,3,7,7,7,0,2,4,0,0,2,9,5,4,",",0,.,6,5,3,3,0,2,3,8,1,2,9,0,8,8,2,9,",",1,6,2,9,8,4,1,9,2,5,.,8,3,0,2,0,1
0,.,4,2,8,6,8,2,6,1,8,0,9,0,7,7,5,4,6,",",0,.,6,4,3,9,7,6,2,1,2,7,4,8,8,8,9,7,",",1,6,2,9,8,4,1,9,2,5,.,8,3,0,2,0,1
0,.,0,6,7,1,9,0,8,3,3,6,2,4,7,5,6,8,6,",",0,.,7,0,9,2,5,3,7,3,7,3,2,1,9,0,7,",",1,6,2,9,8,4,1,9,2,5,.,8,3,0,2,0,1
0,.,5,6,9,8,1,7,4,9,5,7,5,8,4,7,7,3,",",0,.,5,4,9,6,3,7,3,7,2,7,4,6,4,1,9,6,",",1,6,2,9,8,4,1,9,2,5,.,8,3,0,2,0,1
0,.,7,2,4,8,9,4,0,7,6,6,3,0,9,0,8,7,",",0,.,5,5,2,3,1,8,3,5,0,9,6,4,7,1,1,9,",",1,6,2,9,8,4,1,9,2,5,.,8,3,0,2,0,1
0,.,7,7,0,6,6,4,5,1,5,8,3,6,2,0,8,1,",",0,.,9,2,7,9,7,1,0,1,3,1,7,9,2,0,8,4,",",1,6,2,9,8,4,1,9,2,5,.,8,3,0,2,0,1
0,.,2,6,6,5,2,9,3,2,0,6,5,6,7,1,7,1,",",0,.,0,9,9,8,7,0,1,8,8,1,9,6,7,2,9,5,5,",",1,6,2,9,8,4,1,9,2,5,.,8,3,0,2,0,1
0,.,7,4,9,1,5,3,6,8,5,2,5,1,5,8,6,",",0,.,5,1,6,7,1,0,0,3,2,9,0,0,0,4,9,4,",",1,6,2,9,8,4,1,9,2,5,.,8,3,0,2,0,1
0,.,3,9,3,9,7,6,1,6,9,3,9,9,4,9,2,",",0,.,6,9,7,9,9,7,8,2,0,9,4,9,9,8,6,1,",",1,6,2,9,8,4,1,9,2,5,.,8,3,0,2,0,1
0,.,7,8,8,8,1,5,3,0,1,3,7,3,9,8,4,5,",",0,.,4,9,4,6,3,3,3,8,7,4,8,3,4,9,0,4,",",1,6,2,9,8,4,1,9,2,5,.,8,3,0,2,0,1
0,.,2,4,5,1,4,7,6,8,6,2,9,9,2,7,4,8,6,",",0,.,7,3,4,6,0,8,0,8,3,6,1,1,7,2,7,1,",",1,6,2,9,8,4,1,9,2,5,.,8,3,0,2,0,1
0,.,2,0,2,2,4,6,0,7,0,9,2,9,6,4,4,0,8,",",0,.,7,0,6,1,0,6,3,1,4,5,9,4,3,6,8,",",1,6,2,9,8,4,1,9,2,5,.,8,3,0,2,0,1
0,.,2,3,2,1,5,8,7,1,9,9,3,1,8,5,4,7,7,",",0,.,8,8,5,3,5,1,9,7,6,6,9,6,5,9,2,5,",",1,6,2,9,8,4,1,9,2,5,.,8,3,0,2,0,1
0,.,2,5,7,7,2,3,3,2,3,4,9,7,3,9,5,1,3,",",0,.,6,9,7,5,6,3,1,0,0,7,4,1,1,1,3,6,",",1,6,2,9,8,4,1,9,2,5,.,8,3,0,2,0,1
0,.,8,1,8,6,6,8,1,8,6,8,0,5,0,5,4,9,",",0,.,5,7,9,6,9,9,8,2,2,2,5,2,5,5,8,9,",",1,6,2,9,8,4,1,9,2,5,.,8,3,0,2,0,1
0,.,4,6,9,9,0,6,0,3,0,8,7,7,5,4,4,7,",",0,.,5,6,9,3,3,1,3,0,4,8,6,2,3,0,5,1,",",1,6,2,9,8,4,1,9,2,5,.,8,3,0,2,0,1
0,.,7,5,6,4,1,3,9,3,1,3,3,8,1,2,6,2,",",0,.,4,5,2,1,3,8,4,6,1,0,7,8,3,0,0,1,4,",",1,6,2,9,8,4,1,9,2,5,.,8,3,0,2,0,1
0,.,8,3,7,7,8,4,5,4,1,7,1,1,9,0,6,6,",",0,.,3,7,2,3,7,4,3,4,8,6,4,0,1,7,6,7,",",1,6,2,9,8,4,1,9,2,5,.,8,3,0,2,0,1
0,.,3,0,4,8,5,6,8,2,1,3,4,3,5,4,4,7,5,",",0,.,4,7,5,7,8,2,9,2,4,8,1,2,6,2,8,0,7,",",1,6,2,9,8,4,1,9,2,5,.,8,3,0,2,0,1
0,.,1,5,3,4,8,2,3,5,5,8,0,4,9,1,3,6,5,",",0,.,7,3,5,8,2,8,3,3,5,7,2,3,7,8,9,3,",",1,6,2,9,8,4,1,9,2,5,.,8,3,0,2,0,1
0,.,0,8,7,5,2,3,0,9,2,8,5,5,9,4,8,8,4,",",0,.,7,0,0,7,4,4,1,6,1,3,3,7,3,2,7,3,",",1,6,2,9,8,4,1,9,2,5,.,8,3,0,2,0,1
0,.,6,4,6,6,9,6,7,2,2,8,7,6,3,6,7,9,",",0,.,0,0,1,0,4,5,9,3,0,6,2,8,1,1,2,6,4,5,7,",",1,6,2,9,8,4,1,9,2,5,.,8,3,0,2,0,1
0,.,1,1,2,2,6,2,9,1,9,0,8,3,0,9,3,1,6,",",0,.,1,2,6,1,1,6,7,9,8,6,2,2,5,2,9,1,",",1,6,2,9,8,4,1,9,2,5,.,8,3,0,2,0,1
0,.,4,2,4,4,1,6,3,5,1,6,0,3,8,4,5,0,5,",",0,.,6,3,6,7,8,6,1,3,0,8,2,8,6,8,2,",",1,6,2,9,8,4,1,9,2,5,.,8,3,0,2,0,1
0,.,1,1,8,8,9,4,7,5,2,2,7,3,4,8,9,3,3,",",0,.,2,9,2,7,0,8,3,9,1,7,2,8,2,3,3,1,5,",",1,6,2,9,8,4,1,9,2,5,.,8,3,0,2,0,1
0,.,0,6,1,0,7,6,8,3,2,4,1,9,7,3,5,8,3,",",0,.,7,3,1,4,9,7,3,8,5,7,6,2,9,9,1,5,",",1,6,2,9,8,4,1,9,2,5,.,8,3,0,2,0,1
0,.,5,8,6,2,0,8,7,1,1,5,1,8,6,9,3,2,",",0,.,2,2,3,3,8,9,7,2,2,5,5,5,1,9,3,0,7,",",1,6,2,9,8,4,1,9,2,5,.,8,3,0,2,0,1
0,.,1,7,6,2,7,5,2,0,3,2,3,3,6,3,2,5,5,",",0,.,6,1,1,5,7,2,4,5,1,7,5,3,0,8,6,",",1,6,2,9,8,4,1,9,2,5,.,8,3,0,2,0,1
0,.,4,1,2,3,4,0,0,2,0,6,8,4,3,4,5,5,",",0,.,1,7,8,7,3,7,6,3,5,1,6,0,6,5,7,8,8,",",1,6,2,9,8,4,1,9,2,5,.,8,3,0,2,0,1
0,.,0,1,5,8,9,1,3,5,4,6,0,6,3,9,2,0,1,6,",",0,.,8,4,8,5,6,6,0,2,1,5,5,4,4,0,0,8,",",1,6,2,9,8,4,1,9,2,5,.,8,3,0,2,0,1
0,.,4,9,8,8,2,7,2,3,5,8,4,3,8,2,1,5,",",0,.,8,2,2,7,1,8,9,8,6,4,4,2,4,9,2,1,",",1,6,2,9,8,4,1,9,2,5,.,8,3,0,2,0,1
0,.,2,5,6,3,2,2,7,1,5,3,2,1,2,5,9,4,",",0,.,5,1,2,9,8,1,9,3,6,0,0,1,8,3,0,1,",",1,6,2,9,8,4,1,9,2,5,.,8,3,0,2,0,1
0,.,7,0,0,1,5,1,0,8,0,5,7,2,0,0,9,7,",",0,.,5,8,5,5,3,9,1,7,4,2,9,3,6,1,0,1,",",1,6,2,9,8,4,1,9,2,5,.,8,3,0,2,0,1
0,.,2,5,1,8,3,4,5,3,4,0,3,2,6,7,2,3,",",0,.,0,5,6,5,7,1,2,5,5,0,4,3,7,0,1,0,8,5,",",1,6,2,9,8,4,1,9,2,5,.,8,3,0,2,0,1
0,.,3,7,2,8,6,1,3,0,3,6,8,1,4,4,0,2,",",0,.,1,6,6,9,8,9,1,9,3,1,9,3,3,0,3,5,2,",",1,6,2,9,8,4,1,9,2,5,.,8,3,0,2,0,1
0,.,6,0,2,6,8,5,6,8,2,5,5,2,4,5,3,7,",",0,.,5,7,0,2,7,3,8,8,7,9,0,7,0,3,3,6,",",1,6,2,9,8,4,1,9,2,5,.,8,3,0,2,0,1
0,.,2,6,5,8,4,5,8,4,8,4,2,0,8,6,1,1,",",0,.,4,9,9,1,5,6,2,4,5,5,2,9,8,1,4,6,4,",",1,6,2,9,8,4,1,9,2,5,.,8,3,0,2,0,1
0,.,0,9,5,3,0,5,4,2,5,4,1,5,0,7,3,3,6,",",0,.,0,8,6,5,0,5,1,1,1,0,6,7,7,5,5,9,4,",",1,6,2,9,8,4,1,9,2,5,.,8,3,0,2,0,1
0,.,8,1,9,9,7,0,4,3,1,7,6,7,9,2,6,2,",",0,.,3,0,2,2,9,6,7,2,4,5,9,4,4,5,1,9,",",1,6,2,9,8,4,1,9,2,5,.,8,3,0,2,0,1
0,.,1,0,5,9,7,1,2,0,8,7,4,6,3,7,1,3,4,",",0,.,9,1,6,6,1,3,4,0,3,0,2,6,2,6,2,5,",",1,6,2,9,8,4,1,9,2,5,.,8,3,0,2,0,1
0,.,0,9,8,5,4,9,9,4,7,6,5,3,5,1,3,2,1,",",0,.,6,6,3,8,5,6,8,4,5,7,2,5,7,2,9,9,",",1,6,2,9,8,4,1,9,2,5,.,8,3,0,2,0,1
0,.,3,7,4,6,3,7,2,1,7,0,1,9,1,0,3,2,4,",",0,.,6,3,8,5,2,3,7,5,3,2,8,1,5,2,2,6,",",1,6,2,9,8,4,1,9,2,5,.,8,3,0,2,0,1
0,.,6,2,2,8,7,3,4,2,4,4,0,9,6,7,7,5,",",0,.,4,0,4,7,0,7,4,2,5,3,1,2,7,7,1,9,3,",",1,6,2,9,8,4,1,9,2,5,.,8,3,0,2,0,1
0,.,9,6,8,6,6,8,2,5,7,9,9,2,6,5,9,2,",",0,.,8,7,0,1,3,4,3,4,7,1,9,1,7,4,2,5,",",1,6,2,9,8,4,1,9,2,5,.,8,3,0,2,0,1
0,.,3,2,3,9,5,0,6,1,6,5,0,8,6,5,5,8,6,",",0,.,3,8,1,0,1,1,6,2,6,8,8,9,7,3,7,",",1,6,2,9,8,4,1,9,2,5,.,8,3,0,2,0,1
0,.,5,0,8,5,2,4,0,1,3,0,8,6,6,2,6,9,",",0,.,9,2,0,5,9,5,9,1,1,6,9,8,8,2,6,2,",",1,6,2,9,8,4,1,9,2,5,.,8,3,0,2,0,1
0,.,2,7,2,4,9,4,2,9,8,2,1,0,2,3,6,5,",",0,.,9,4,5,0,4,1,9,0,6,4,3,0,2,2,7,6,",",1,6,2,9,8,4,1,9,2,5,.,8,3,0,2,0,1
0,.,4,5,2,8,2,9,7,3,6,3,4,0,6,5,3,7,",",0,.,1,8,0,5,5,8,8,2,5,9,5,7,4,1,9,1,2,",",1,6,2,9,8,4,1,9,2,5,.,8,3,0,2,0,1
0,.,6,9,5,1,8,5,7,9,9,3,0,1,2,4,8,8,",",0,.,2,0,4,2,9,9,8,7,2,0,7,2,3,5,1,9,",",1,6,2,9,8,4,1,9,2,5,.,8,3,0,2,0,1
0,.,5,7,2,7,4,8,6,2,2,7,4,4,5,2,3,6,",",0,.,9,1,2,7,5,7,8,5,3,5,1,6,0,8,9,2,",",1,6,2,9,8,4,1,9,2,5,.,8,3,0,2,0,1
0,.,7,6,4,0,6,9,2,1,0,5,5,2,2,9,4,9,",",0,.,7,7,5,8,3,6,0,0,8,5,4,9,8,6,5,9,",",1,6,2,9,8,4,1,9,2,5,.,8,3,0,2,0,1
0,.,5,9,3,6,3,6,7,9,8,6,2,3,7,2,7,8,",",0,.,8,6,8,6,7,9,6,2,8,8,0,4,0,5,8,8,",",1,6,2,9,8,4,1,9,2,5,.,8,3,0,2,0,1
0,.,3,5,7,2,3,4,4,4,2,0,2,1,7,1,1,3,",",0,.,2,2,0,0,1,0,0,2,7,0,5,1,5,1,7,1,8,",",1,6,2,9,8,4,1,9,2,5,.,8,3,0,2,0,1
0,.,0,7,0,0,8,5,2,9,2,3,2,4,6,2,5,9,",",0,.,9,1,6,8,9,8,4,0,3,0,4,8,9,6,1,9,",",1,6,2,9,8,4,1,9,2,5,.,8,3,0,2,0,1
0,.,6,1,2,3,6,0,1,5,9,8,8,3,5,1,7,9,",",0,.,7,3,7,5,5,0,2,2,3,0,1,4,2,6,8,6,",",1,6,2,9,8,4,1,9,2,5,.,8,3,0,2,0,1
0,.,3,2,2,4,3,2,9,1,5,9,2,3,3,9,9,4,",",0,.,9,1,5,0,4,4,7,7,5,5,4,5,4,7,8,9,",",1,6,2,9,8,4,1,9,2,5,.,8,3,0,2,0,1
0,.,3,8,2,3,1,4,7,9,5,9,5,4,5,4,9,8,7,",",0,.,2,8,5,0,2,3,0,4,6,4,5,7,1,1,2,7,4,",",1,6,2,9,8,4,1,9,2,5,.,8,3,0,2,0,1
0,.,6,9,4,7,0,7,1,4,7,0,4,3,7,7,2,9,",",0,.,7,8,8,0,8,0,2,0,0,0,1,6,2,4,0,4,",",1,6,2,9,8,4,1,9,2,5,.,8,3,0,2,0,1
0,.,7,7,2,9,5,2,2,6,8,0,9,0,5,7,2,4,",",0,.,0,2,5,3,7,3,3,2,8,7,1,2,8,4,5,2,5,6,",",1,6,2,9,8,4,1,9,2,5,.,8,3,0,2,0,1
0,.,1,6,1,0,6,8,5,2,9,9,4,1,4,6,1,8,",",0,.,4,5,0,0,2,7,3,5,6,3,2,8,8,9,8,9,",",1,6,2,9,8,4,1,9,2,5,.,8,3,0,2,0,1
0,.,4,0,7,9,2,2,9,6,9,0,0,9,4,3,1,5,",",0,.,0,6,3,2,0,3,0,6,0,7,9,1,8,0,9,6,",",1,6,2,9,8,4,1,9,2,5,.,8,3,0,2,0,1
0,.,2,2,2,0,1,8,5,5,8,8,8,6,3,3,3,8,2,",",0,.,9,6,7,4,5,8,6,5,8,7,8,5,0,9,8,2,",",1,6,2,9,8,4,1,9,2,5,.,8,3,0,2,0,1
0,.,8,7,6,5,5,2,6,4,3,6,0,4,7,5,8,2,",",0,.,9,5,1,7,1,6,8,2,6,6,0,9,8,6,9,4,",",1,6,2,9,8,4,1,9,2,5,.,8,3,0,2,0,1
0,.,6,4,4,0,0,6,4,7,2,5,1,3,5,0,2,1,",",0,.,5,9,3,1,2,5,8,1,7,9,9,7,4,7,2,3,",",1,6,2,9,8,4,1,9,2,5,.,8,3,0,2,0,1
0,.,2,5,7,0,2,8,9,9,9,7,2,6,5,6,6,",",0,.,6,8,8,1,0,1,4,2,6,1,0,4,9,9,4,1,",",1,6,2,9,8,4,1,9,2,5,.,8,3,0,2,0,1
0,.,8,4,5,0,7,9,7,9,8,9,8,8,9,2,0,8,",",0,.,9,8,6,7,6,8,0,0,7,2,0,9,6,9,5,",",1,6,2,9,8,4,1,9,2,5,.,8,3,0,2,0,1
0,.,2,7,4,0,6,3,4,1,0,2,1,7,9,2,0,7,",",0,.,9,7,6,4,7,9,7,1,9,4,2,7,1,",",1,6,2,9,8,4,1,9,2,5,.,8,3,0,2,0,1
0,.,6,8,2,2,1,8,5,1,5,4,7,0,9,3,3,7,",",0,.,5,3,3,1,8,6,6,0,7,5,0,6,9,8,4,2,",",1,6,2,9,8,4,1,9,2,5,.,8,3,0,2,0,1
0,.,0,6,9,5,9,6,7,2,1,2,9,3,4,3,1,9,7,",",0,.,0,6,6,8,7,9,2,1,2,7,2,7,4,7,5,1,",",1,6,2,9,8,4,1,9,2,5,.,8,3,0,2,0,1
0,.,9,9,4,9,1,2,3,0,0,2,6,0,1,9,7,4,",",0,.,3,0,4,6,9,9,3,2,5,6,2,7,5,6,4,4,",",1,6,2,9,8,4,1,9,2,5,.,8,3,0,2,0,1
0,.,0,5,8,5,5,9,3,5,4,0,3,3,0,0,0,2,8,",",0,.,4,8,3,3,8,4,0,4,6,4,6,5,5,5,1,1,",",1,6,2,9,8,4,1,9,2,5,.,8,3,0,2,0,1
0,.,8,6,2,6,7,4,6,2,5,3,0,6,1,1,3,2,",",0,.,4,5,8,0,5,6,9,7,1,9,7,8,2,8,0,4,4,",",1,6,2,9,8,4,1,9,2,5,.,8,3,0,2,0,1
0,.,6,6,1,2,1,6,0,5,1,0,7,6,1,7,2,9,",",0,.,0,8,2,6,4,0,6,3,5,0,7,8,2,1,1,0,7,",",1,6,2,9,8,4,1,9,2,5,.,8,3,0,2,0,1
0,.,7,9,4,5,5,7,8,0,4,6,4,4,0,2,8,6,",",0,.,3,8,5,8,3,0,4,5,3,4,5,0,0,4,3,7,4,",",1,6,2,9,8,4,1,9,2,5,.,8,3,0,2,0,1
0,.,6,2,1,0,0,8,4,1,1,2,2,1,9,2,8,2,",",0,.,7,6,2,3,9,2,1,8,8,5,6,9,8,8,8,8,",",1,6,2,9,8,4,1,9,2,5,.,8,3,0,2,0,1
0,.,2,3,6,2,4,4,9,5,0,8,1,0,6,3,8,1,2,",",0,.,6,8,5,9,9,0,1,2,0,8,0,4,1,0,2,2,",",1,6,2,9,8,4,1,9,2,5,.,8,3,0,2,0,1
0,.,4,2,7,4,9,9,7,2,5,3,4,8,3,0,3,9,4,",",0,.,0,7,8,6,4,6,6,3,4,1,8,1,3,3,5,6,6,",",1,6,2,9,8,4,1,9,2,5,.,8,3,0,2,0,1
0,.,6,8,1,5,7,2,9,2,0,4,3,9,9,6,5,4,",",0,.,9,8,0,5,2,5,9,7,0,2,4,7,2,6,4,6,",",1,6,2,9,8,4,1,9,2,5,.,8,3,0,2,0,1
0,.,8,2,7,3,1,2,0,0,2,1,1,7,1,3,2,6,",",0,.,8,0,0,6,2,3,8,4,2,3,7,7,0,3,4,2,",",1,6,2,9,8,4,1,9,2,5,.,8,3,0,2,0,1
0,.,8,9,2,0,8,2,7,1,2,2,2,8,5,6,",",0,.,7,0,8,6,6,9,9,4,5,9,4,7,2,1,1,",",1,6,2,9,8,4,1,9,2,5,.,8,3,0,2,0,1
0,.,5,1,5,0,7,3,4,8,3,6,9,3,3,2,4,3,",",0,.,7,2,6,9,0,4,4,9,5,3,7,4,2,4,3,5,",",1,6,2,9,8,4,1,9,2,5,.,8,3,0,2,0,1
0,.,2,1,3,9,0,1,8,1,8,9,7,1,0,6,2,7,5,",",0,.,9,0,6,3,7,3,3,2,4,3,5,6,6,2,3,3,",",1,6,2,9,8,4,1,9,2,5,.,8,3,0,2,0,1
0,.,8,8,9,2,2,5,9,3,2,9,0,5,2,4,3,7,",",0,.,4,3,5,2,7,7,7,2,2,8,8,0,5,9,2,2,",",1,6,2,9,8,4,1,9,2,5,.,8,3,0,2,0,1
0,.,6,6,0,4,3,2,9,2,1,0,3,6,6,5,4,1,",",0,.,6,4,8,0,8,0,2,3,7,4,1,3,7,2,0,7,",",1,6,2,9,8,4,1,9,2,5,.,8,3,0,2,0,1
0,.,4,7,3,4,7,9,7,6,7,5,4,1,5,4,7,3,",",0,.,6,1,1,2,1,6,6,6,2,4,6,6,5,9,2,8,",",1,6,2,9,8,4,1,9,2,5,.,8,3,0,2,0,1
0,.,9,7,8,7,4,9,4,6,0,2,3,1,4,3,9,6,",",0,.,4,5,4,7,1,8,6,1,0,1,6,7,6,8,3,2,",",1,6,2,9,8,4,1,9,2,5,.,8,3,0,2,0,1
0,.,8,3,6,4,9,5,2,3,9,1,1,1,4,7,1,2,",",0,.,7,3,4,9,4,5,9,1,3,8,3,1,6,6,3,4,",",1,6,2,9,8,4,1,9,2,5,.,8,3,0,2,0,1
0,.,2,8,4,3,7,3,7,0,6,1,9,8,1,5,8,5,",",0,.,8,4,8,8,4,5,0,3,1,8,6,7,6,5,9,8,",",1,6,2,9,8,4,1,9,2,5,.,8,3,0,2,0,1
0,.,4,8,5,1,1,9,6,2,4,8,7,6,9,4,6,5,",",0,.,3,2,7,0,0,9,5,7,4,7,6,3,4,1,8,3,",",1,6,2,9,8,4,1,9,2,5,.,8,3,0,2,0,1
0,.,0,7,0,3,9,9,4,6,1,4,7,5,6,6,2,2,3,",",0,.,6,4,1,8,2,9,1,2,8,6,1,6,5,8,5,5,",",1,6,2,9,8,4,1,9,2,5,.,8,3,0,2,0,1
0,.,0,8,0,7,0,6,6,1,0,9,5,9,6,0,9,0,7,",",0,.,9,2,4,2,6,1,7,8,4,7,2,3,7,4,9,3,",",1,6,2,9,8,4,1,9,2,5,.,8,3,0,2,0,1
0,.,8,8,9,1,2,3,7,7,8,9,7,7,8,7,5,6,",",0,.,6,4,0,0,4,4,4,7,6,8,3,6,8,3,6,1,",",1,6,2,9,8,4,1,9,2,5,.,8,3,0,2,0,1
0,.,0,7,8,6,9,5,4,6,3,2,4,5,7,7,9,7,",",0,.,8,0,3,7,1,4,9,0,0,8,7,9,5,9,6,1,",",1,6,2,9,8,4,1,9,2,5,.,8,3,0,2,0,1
0,.,3,5,3,3,1,5,7,3,2,5,5,8,7,0,8,9,6,",",0,.,9,1,2,6,8,2,6,0,8,1,3,6,3,5,4,6,",",1,6,2,9,8,4,1,9,2,5,.,8,3,0,2,0,1
0,.,1,5,8,5,1,5,7,4,7,4,7,1,2,2,9,3,2,",",0,.,3,6,3,3,8,8,9,6,1,6,7,6,8,9,2,5,",",1,6,2,9,8,4,1,9,2,5,.,8,3,0,2,0,1
0,.,8,4,7,0,4,0,2,2,4,8,5,4,9,7,3,8,",",0,.,9,4,9,2,7,1,6,5,8,8,6,2,7,3,6,7,",",1,6,2,9,8,4,1,9,2,5,.,8,3,0,2,0,1
0,.,3,8,9,4,8,9,9,4,0,7,5,3,5,8,8,",",0,.,1,0,5,2,4,2,1,1,2,8,3,8,8,2,1,1,2,",",1,6,2,9,8,4,1,9,2,5,.,8,3,0,2,0,1
0,.,2,8,6,8,2,0,3,1,2,9,3,1,6,4,3,5,6,",",0,.,8,0,1,2,7,1,5,5,3,8,3,0,4,5,4,1,",",1,6,2,9,8,4,1,9,2,5,.,8,3,0,2,0,1
0,.,4,8,3,5,8,7,7,9,9,6,6,4,0,5,2,7,4,",",0,.,4,3,0,5,8,7,6,4,5,9,5,3,7,5,2,9,",",1,6,2,9,8,4,1,9,2,5,.,8,3,0,2,0,1
0,.,7,9,4,7,4,2,2,8,5,1,2,7,0,4,0,3,",",0,.,7,8,9,1,7,2,6,4,5,8,7,4,0,5,0,1,",",1,6,2,9,8,4,1,9,2,5,.,8,3,0,2,0,1
0,.,6,0,3,9,9,8,9,8,0,4,8,2,2,0,2,2,",",0,.,3,9,9,9,4,8,5,7,5,1,6,8,7,5,1,5,",",1,6,2,9,8,4,1,9,2,5,.,8,3,0,2,0,1
0,.,9,4,6,6,5,9,5,7,9,0,1,6,1,8,0,7,",",0,.,0,1,8,6,9,6,1,4,4,2,6,5,6,0,6,5,0,7,",",1,6,2,9,8,4,1,9,2,5,.,8,3,0,2,0,1
0,.,9,1,4,8,3,2,3,8,8,2,0,6,9,3,3,7,",",0,.,1,5,3,0,9,0,0,2,4,0,8,2,4,5,5,3,",",1,6,2,9,8,4,1,9,2,5,.,8,3,0,2,0,1
0,.,6,5,5,1,1,2,5,9,3,6,9,7,5,5,3,5,",",0,.,6,0,8,4,6,6,7,1,8,5,9,0,1,1,7,7,",",1,6,2,9,8,4,1,9,2,5,.,8,3,0,2,0,1
0,.,2,7,7,3,2,1,9,1,2,1,7,8,8,6,4,8,",",0,.,3,3,4,3,1,9,5,5,9,8,3,4,2,6,5,5,3,",",1,6,2,9,8,4,1,9,2,5,.,8,3,0,2,0,1
0,.,1,1,4,8,1,9,6,2,3,8,6,8,9,7,9,0,4,",",0,.,9,1,3,1,6,0,8,7,6,1,9,4,2,7,4,",",1,6,2,9,8,4,1,9,2,5,.,8,3,0,2,0,1
0,.,4,2,6,0,5,2,0,8,5,0,8,9,9,4,5,7,4,",",0,.,5,3,0,6,5,2,5,3,6,9,8,0,8,5,7,5,",",1,6,2,9,8,4,1,9,2,5,.,8,3,0,2,0,1
0,.,7,5,4,6,7,3,4,1,9,4,1,5,0,4,8,8,",",0,.,3,3,0,6,0,7,0,9,1,1,8,3,9,9,6,6,7,",",1,6,2,9,8,4,1,9,2,5,.,8,3,0,2,0,1
0,.,8,0,9,5,0,7,9,0,7,9,2,1,9,6,5,8,",",0,.,6,5,6,9,4,4,2,3,6,2,0,1,1,7,3,5,",",1,6,2,9,8,4,1,9,2,5,.,8,3,0,2,0,1
0,.,2,6,0,8,8,9,3,2,4,3,2,8,0,8,2,4,3,",",0,.,4,9,7,9,2,0,9,8,3,0,4,0,0,7,5,6,",",1,6,2,9,8,4,1,9,2,5,.,8,3,0,2,0,1
0,.,1,1,1,9,6,2,2,9,1,7,5,1,5,9,4,5,6,",",0,.,8,0,8,8,9,2,9,3,7,6,1,3,6,6,4,",",1,6,2,9,8,4,1,9,2,5,.,8,3,0,2,0,1
0,.,2,1,7,2,5,7,0,3,5,1,9,4,4,9,3,8,",",0,.,4,9,0,0,5,0,3,8,2,7,8,8,6,0,8,4,6,",",1,6,2,9,8,4,1,9,2,5,.,8,3,0,2,0,1
0,.,4,0,8,3,1,1,1,2,8,6,3,7,6,1,9,6,5,",",0,.,7,1,5,1,7,4,5,0,5,2,5,4,4,3,1,8,",",1,6,2,9,8,4,1,9,2,5,.,8,3,0,2,0,1
0,.,2,7,7,8,0,6,7,1,5,0,5,0,4,0,7,6,6,",",0,.,3,2,1,8,6,4,3,6,7,1,8,0,9,2,1,0,4,",",1,6,2,9,8,4,1,9,2,5,.,8,3,0,2,0,1
0,.,0,4,9,3,5,8,0,7,4,0,9,1,2,9,3,6,7,",",0,.,2,9,6,7,6,9,9,1,5,8,0,9,8,0,7,2,7,",",1,6,2,9,8,4,1,9,2,5,.,8,3,0,2,0,1
0,.,3,9,7,7,0,9,2,2,4,0,7,8,8,4,4,7,",",0,.,9,5,9,4,3,9,0,9,1,2,3,1,0,4,6,9,",",1,6,2,9,8,4,1,9,2,5,.,8,3,0,2,0,1
0,.,0,1,4,5,8,6,2,7,9,7,8,0,0,8,0,3,1,3,",",0,.,9,7,8,9,9,7,0,7,7,1,2,2,8,5,4,",",1,6,2,9,8,4,1,9,2,5,.,8,3,0,2,0,1
0,.,8,9,1,3,4,0,5,5,8,0,7,6,0,5,7,3,",",0,.,7,1,9,6,0,7,5,1,4,8,4,2,4,8,9,1,",",1,6,2,9,8,4,1,9,2,5,.,8,3,0,2,0,1
0,.,0,2,6,4,2,9,7,2,8,1,9,4,9,1,8,7,3,3,",",0,.,9,0,7,0,3,1,2,6,5,3,2,3,2,8,2,",",1,6,2,9,8,4,1,9,2,5,.,8,3,0,2,0,1
0,.,5,2,8,9,9,6,0,2,6,5,2,9,7,7,4,",",0,.,6,8,1,5,9,8,2,2,8,4,1,5,6,8,6,",",1,6,2,9,8,4,1,9,2,5,.,8,3,0,2,0,1
0,.,1,4,8,0,9,4,9,5,0,6,1,5,4,5,7,4,",",0,.,8,7,6,2,4,6,7,7,7,3,5,3,6,7,1,",",1,6,2,9,8,4,1,9,2,5,.,8,3,0,2,0,1
0,.,9,5,7,8,0,4,4,4,5,9,7,2,0,8,6,5,",",0,.,4,2,6,0,1,2,6,7,7,2,9,2,9,7,6,3,",",1,6,2,9,8,4,1,9,2,5,.,8,3,0,2,0,1
0,.,6,2,1,5,6,6,5,0,4,7,9,7,8,9,4,4,",",0,.,8,1,6,2,7,4,9,5,9,2,7,9,9,3,0,2,",",1,6,2,9,8,4,1,9,2,5,.,8,3,0,2,0,1
0,.,3,7,4,8,0,6,4,4,6,7,2,3,5,8,5,6,5,",",0,.,2,2,0,3,5,2,4,8,4,3,9,0,4,5,8,9,6,",",1,6,2,9,8,4,1,9,2,5,.,8,3,0,2,0,1
0,.,6,3,7,9,3,5,5,9,9,3,1,5,6,6,0,1,",",0,.,1,5,8,0,7,0,1,7,3,9,2,4,3,6,4,3,",",1,6,2,9,8,4,1,9,2,5,.,8,3,0,2,0,1
0,.,7,7,8,6,0,3,4,8,7,6,3,4,3,3,7,6,",",0,.,5,8,7,2,8,1,0,9,1,1,8,7,4,6,2,9,",",1,6,2,9,8,4,1,9,2,5,.,8,3,0,2,0,1
0,.,9,9,7,3,9,2,2,0,4,3,2,8,7,3,1,4,",",0,.,9,4,7,8,2,2,4,5,9,9,9,0,8,4,6,9,",",1,6,2,9,8,4,1,9,2,5,.,8,3,0,2,0,1
0,.,3,3,8,2,7,2,3,5,2,9,1,0,4,6,1,7,6,",",0,.,2,9,0,7,9,7,5,4,1,6,8,8,4,9,5,0,3,",",1,6,2,9,8,4,1,9,2,5,.,8,3,0,2,0,1
0,.,5,2,0,1,2,0,9,5,7,2,0,7,4,7,8,2,",",0,.,6,5,5,8,6,6,8,7,3,9,8,0,7,1,5,1,",",1,6,2,9,8,4,1,9,2,5,.,8,3,0,2,0,1
0,.,6,4,6,1,2,8,7,8,1,5,8,4,8,6,8,2,",",0,.,8,4,4,4,6,1,7,0,3,9,4,5,1,7,9,8,",",1,6,2,9,8,4,1,9,2,5,.,8,3,0,2,0,1
0,.,0,6,8,0,3,0,0,3,9,8,5,2,5,0,5,4,4,",",0,.,3,9,7,5,1,3,6,9,3,8,7,9,4,1,1,1,6,",",1,6,2,9,8,4,1,9,2,5,.,8,3,0,2,0,1
0,.,3,3,0,4,6,4,0,7,3,9,3,3,2,0,9,8,7,",",0,.,3,4,1,2,9,1,2,7,7,6,6,6,8,5,6,5,",",1,6,2,9,8,4,1,9,2,5,.,8,3,0,2,0,1
0,.,8,6,8,4,5,3,0,3,5,4,0,1,7,2,5,5,",",0,.,8,5,9,0,3,8,2,3,3,5,5,7,2,0,4,8,",",1,6,2,9,8,4,1,9,2,5,.,8,3,0,2,0,1
0,.,8,0,9,4,2,3,9,8,7,3,5,3,0,6,8,8,",",0,.,8,1,5,4,5,5,0,6,0,8,5,4,9,4,6,8,",",1,6,2,9,8,4,1,9,2,5,.,8,3,0,2,0,1
0,.,2,2,5,7,8,2,6,7,9,3,3,8,8,5,7,1,",",0,.,1,2,0,4,9,9,1,9,6,1,0,5,7,6,5,1,",",1,6,2,9,8,4,1,9,2,5,.,8,3,0,2,0,1
0,.,6,8,4,9,0,6,4,8,1,6,2,4,7,4,3,",",0,.,9,4,8,8,6,1,7,9,2,6,8,4,5,9,1,7,",",1,6,2,9,8,4,1,9,2,5,.,8,3,0,2,0,1
0,.,5,5,0,9,4,9,1,6,5,2,4,5,5,1,8,5,",",0,.,8,6,2,3,9,9,8,7,6,3,3,8,4,4,7,6,",",1,6,2,9,8,4,1,9,2,5,.,8,3,0,2,0,1
0,.,0,6,4,1,4,5,3,1,9,7,2,7,0,2,7,9,7,",",0,.,5,3,9,6,5,9,5,7,5,1,3,6,8,6,2,1,",",1,6,2,9,8,4,1,9,2,5,.,8,3,0,2,0,1
0,.,2,3,9,6,5,7,8,7,3,4,3,0,8,0,6,8,",",0,.,4,9,3,6,9,6,3,8,5,1,1,1,2,9,3,6,6,",",1,6,2,9,8,4,1,9,2,5,.,8,3,0,2,0,1
0,.,4,3,0,7,4,5,8,9,9,0,1,6,7,2,8,4,4,",",0,.,3,1,7,3,0,1,2,3,4,3,7,6,5,8,0,3,",",1,6,2,9,8,4,1,9,2,5,.,8,3,0,2,0,1
0,.,2,9,6,2,0,7,9,4,3,7,8,0,3,1,2,8,",",0,.,6,2,7,5,4,1,7,1,4,2,5,6,6,9,7,4,",",1,6,2,9,8,4,1,9,2,5,.,8,3,0,2,0,1
0,.,7,6,1,4,4,8,8,2,7,8,0,5,2,4,2,8,",",0,.,2,3,4,2,7,9,0,6,6,5,4,0,5,1,5,2,2,",",1,6,2,9,8,4,1,9,2,5,.,8,3,0,2,0,1
0,.,7,9,9,7,3,4,1,5,9,7,4,6,3,5,6,5,",",0,.,9,6,6,7,5,1,6,9,3,7,9,4,8,5,3,7,",",1,6,2,9,8,4,1,9,2,5,.,8,3,0,2,0,1
0,.,0,6,8,5,2,6,9,0,3,4,9,6,0,0,1,1,",",0,.,7,6,0,0,1,0,5,4,4,0,7,0,1,3,1,9,",",1,6,2,9,8,4,1,9,2,5,.,8,3,0,2,0,1
0,.,7,0,2,3,2,1,6,4,3,8,4,3,1,9,1,4,",",0,.,6,1,6,5,5,6,5,6,0,9,3,0,8,2,5,8,",",1,6,2,9,8,4,1,9,2,5,.,8,3,0,2,0,1
0,.,5,3,0,7,8,5,6,3,6,9,4,4,6,5,8,5,",",0,.,4,7,8,8,4,2,3,4,7,7,1,2,1,4,0,8,5,",",1,6,2,9,8,4,1,9,2,5,.,8,3,0,2,0,1
0,.,7,2,1,8,3,6,9,6,9,7,7,5,5,0,8,",",0,.,5,1,6,5,3,8,9,7,5,8,6,3,3,9,6,1,",",1,6,2,9,8,4,1,9,2,5,.,8,3,0,2,0,1
0,.,7,1,8,2,9,6,4,8,2,4,4,4,4,7,4,1,",",0,.,7,6,7,0,1,2,0,5,8,3,3,4,8,7,0,6,",",1,6,2,9,8,4,1,9,2,5,.,8,3,0,2,0,1
0,.,1,5,1,5,8,3,9,8,1,2,7,6,6,4,9,4,",",0,.,0,2,7,0,1,5,9,4,6,1,7,8,9,3,4,9,9,",",1,6,2,9,8,4,1,9,2,5,.,8,3,0,2,0,1
0,.,1,9,0,8,7,6,8,2,9,4,9,3,5,5,3,9,",",0,.,7,7,5,8,8,6,5,2,7,9,4,1,1,3,6,",",1,6,2,9,8,4,1,9,2,5,.,8,3,0,2,0,1
0,.,9,2,0,4,4,3,6,9,0,6,3,6,5,1,1,",",0,.,6,7,4,7,3,2,1,2,8,3,3,4,8,9,7,7,",",1,6,2,9,8,4,1,9,2,5,.,8,3,0,2,0,1
0,.,3,7,8,3,5,0,8,9,3,4,1,4,4,6,1,0,4,",",0,.,0,5,8,0,4,7,1,4,5,4,1,9,8,2,1,2,5,6,",",1,6,2,9,8,4,1,9,2,5,.,8,3,0,2,0,1
0,.,6,9,8,5,6,5,6,6,2,7,7,3,6,7,6,3,",",0,.,1,9,7,8,4,0,1,4,0,3,7,4,6,8,4,",",1,6,2,9,8,4,1,9,2,5,.,8,3,0,2,0,1
0,.,1,3,4,2,1,7,1,5,3,7,8,7,8,1,5,1,8,",",0,.,1,0,7,8,7,6,3,6,8,8,1,4,4,7,2,8,2,",",1,6,2,9,8,4,1,9,2,5,.,8,3,0,2,0,1
0,.,5,5,8,1,1,6,8,3,6,2,2,0,9,3,5,",",0,.,0,0,1,2,5,1,5,9,1,4,9,1,2,2,2,6,7,",",1,6,2,9,8,4,1,9,2,5,.,8,3,0,2,0,1
0,.,3,6,2,7,4,7,3,4,9,3,6,8,2,9,5,9,",",0,.,2,3,1,8,1,5,0,1,0,5,0,6,5,9,9,2,5,",",1,6,2,9,8,4,1,9,2,5,.,8,3,0,2,0,1
0,.,7,0,9,3,1,6,5,3,4,4,3,4,3,4,6,6,",",0,.,5,1,7,2,5,8,0,8,6,4,9,2,1,6,5,9,",",1,6,2,9,8,4,1,9,2,5,.,8,3,0,2,0,1
0,.,5,3,2,9,3,7,9,0,7,2,6,8,6,2,4,8,",",0,.,3,8,9,7,0,5,9,8,1,7,7,5,9,7,7,4,",",1,6,2,9,8,4,1,9,2,5,.,8,3,0,2,0,1
0,.,7,4,5,2,9,8,4,1,5,4,2,3,4,3,0,8,",",0,.,7,2,8,0,5,7,3,6,7,6,2,5,2,4,8,2,",",1,6,2,9,8,4,1,9,2,5,.,8,3,0,2,0,1
0,.,8,3,0,8,9,3,7,4,9,1,2,5,8,7,8,8,",",0,.,3,8,1,8,9,1,3,9,0,6,5,0,5,0,1,0,4,",",1,6,2,9,8,4,1,9,2,5,.,8,3,0,2,0,1
0,.,2,2,0,5,1,4,9,0,7,3,5,7,1,8,3,2,7,",",0,.,6,3,4,8,9,4,7,1,1,8,3,5,5,4,5,2,",",1,6,2,9,8,4,1,9,2,5,.,8,3,0,2,0,1
0,.,6,0,0,3,2,4,7,1,9,3,1,5,2,5,2,6,",",0,.,5,1,2,3,8,4,4,2,0,4,4,9,1,1,1,1,",",1,6,2,9,8,4,1,9,2,5,.,8,3,0,2,0,1
0,.,7,4,6,4,8,0,0,6,9,2,5,6,6,7,9,2,",",0,.,8,8,1,1,5,1,3,8,4,5,0,0,7,4,9,6,",",1,6,2,9,8,4,1,9,2,5,.,8,3,0,2,0,1
0,.,2,9,2,4,6,6,3,1,6,2,3,4,6,1,0,8,3,",",0,.,1,7,0,4,0,4,5,0,9,1,3,3,9,8,1,2,",",1,6,2,9,8,4,1,9,2,5,.,8,3,0,2,0,1
0,.,5,2,6,6,6,9,9,9,8,8,9,8,4,4,8,7,",",0,.,5,1,3,8,0,4,0,2,5,6,3,4,3,2,8,4,",",1,6,2,9,8,4,1,9,2,5,.,8,3,0,2,0,1
0,.,8,6,6,4,3,3,7,0,5,1,5,2,6,0,7,1,",",0,.,0,6,0,4,4,2,8,6,5,6,1,7,2,0,3,9,1,",",1,6,2,9,8,4,1,9,2,5,.,8,3,0,2,0,1
0,.,3,3,9,6,0,1,3,8,9,9,1,5,9,7,5,1,",",0,.,3,7,0,1,1,0,5,5,3,0,2,1,3,9,5,9,5,",",1,6,2,9,8,4,1,9,2,5,.,8,3,0,2,0,1
0,.,9,8,5,4,4,7,7,5,1,8,7,3,1,4,8,5,",",0,.,2,2,2,4,4,3,8,5,2,3,8,4,7,0,8,7,6,",",1,6,2,9,8,4,1,9,2,5,.,8,3,0,2,0,1
0,.,2,7,9,8,0,1,5,4,4,6,0,7,6,4,3,1,7,",",0,.,5,9,8,3,2,2,3,8,1,9,4,9,4,4,4,3,",",1,6,2,9,8,4,1,9,2,5,.,8,3,0,2,0,1
0,.,5,0,0,2,6,9,1,8,3,9,9,9,3,9,7,6,",",0,.,1,9,6,5,4,2,4,8,6,4,0,6,4,9,9,1,8,",",1,6,2,9,8,4,1,9,2,5,.,8,3,0,2,0,1
0,.,2,5,3,9,1,8,7,5,6,9,4,6,4,1,1,5,3,",",0,.,4,0,7,8,0,1,0,0,9,4,7,1,1,0,7,1,",",1,6,2,9,8,4,1,9,2,5,.,8,3,0,2,0,1
0,.,1,1,6,6,6,5,1,3,5,0,3,9,0,8,3,2,7,",",0,.,4,6,1,5,9,9,3,7,2,2,2,4,5,9,5,4,6,",",1,6,2,9,8,4,1,9,2,5,.,8,3,0,2,0,1
0,.,3,6,1,6,7,8,2,3,6,8,2,6,4,9,1,3,6,",",0,.,8,0,2,7,3,2,9,0,3,7,7,1,5,7,1,4,",",1,6,2,9,8,4,1,9,2,5,.,8,3,0,2,0,1
0,.,5,1,6,0,7,0,7,0,0,1,5,9,1,4,5,4,",",0,.,4,6,4,4,8,8,4,6,3,4,7,5,6,3,1,3,3,",",1,6,2,9,8,4,1,9,2,5,.,8,3,0,2,0,1
0,.,2,0,7,2,6,2,1,5,3,5,5,7,2,2,0,2,2,",",0,.,3,1,3,6,0,5,1,3,8,9,1,9,6,1,6,0,6,",",1,6,2,9,8,4,1,9,2,5,.,8,3,0,2,0,1
0,.,5,1,5,7,7,2,9,4,2,0,9,0,2,7,1,",",0,.,8,1,2,2,1,0,2,0,1,8,6,6,8,0,9,6,",",1,6,2,9,8,4,1,9,9,8,.,9,6,7,3,9,1
0,.,6,8,9,2,2,3,8,3,4,2,9,3,8,7,7,1,",",0,.,7,0,8,6,2,4,5,1,8,9,0,9,4,2,7,7,",",1,6,2,9,8,4,1,9,9,8,.,9,6,7,3,9,1
0,.,5,9,6,4,9,2,3,5,4,3,0,5,9,9,6,6,",",0,.,1,3,6,2,8,4,1,0,0,4,8,2,7,2,8,5,4,",",1,6,2,9,8,4,1,9,9,8,.,9,6,7,3,9,1
0,.,1,7,4,1,1,4,3,5,1,1,0,2,6,5,9,3,8,",",0,.,9,7,5,0,6,7,5,8,4,1,1,8,2,6,4,2,",",1,6,2,9,8,4,1,9,9,8,.,9,6,7,3,9,1
0,.,9,5,1,0,6,6,8,2,8,1,0,3,7,1,0,6,",",0,.,5,8,1,8,9,1,8,2,9,6,5,3,0,0,9,",",1,6,2,9,8,4,1,9,9,8,.,9,6,7,3,9,1
0,.,9,4,0,5,2,8,0,1,8,6,7,5,2,7,9,2,",",0,.,1,9,2,6,2,5,5,5,0,4,2,5,5,4,1,3,",",1,6,2,9,8,4,1,9,9,8,.,9,6,7,3,9,1
0,.,4,2,3,5,0,0,2,2,2,6,1,2,1,8,8,3,4,",",0,.,8,2,6,1,7,9,4,5,7,4,6,9,0,0,1,9,",",1,6,2,9,8,4,1,9,9,8,.,9,6,7,3,9,1
0,.,2,9,5,4,7,2,0,9,2,3,9,2,7,6,9,1,7,",",0,.,9,5,3,9,8,7,6,1,1,0,0,2,1,0,3,9,",",1,6,2,9,8,4,1,9,9,8,.,9,6,7,3,9,1
0,.,5,6,8,8,8,2,6,3,9,8,3,3,1,8,2,2,",",0,.,2,6,1,6,5,9,7,3,1,5,4,1,7,4,7,5,",",1,6,2,9,8,4,1,9,9,8,.,9,6,7,3,9,1
0,.,3,9,2,3,4,0,7,9,3,5,3,4,7,4,1,4,",",0,.,5,9,0,4,1,6,5,0,8,0,1,9,2,8,8,8,",",1,6,2,9,8,4,1,9,9,8,.,9,6,7,3,9,1
0,.,7,6,1,3,0,5,2,8,8,4,4,6,3,9,4,",",0,.,0,3,7,5,5,3,2,9,9,3,7,2,4,5,1,6,6,5,",",1,6,2,9,8,4,1,9,9,8,.,9,6,7,3,9,1
0,.,5,2,2,0,4,7,2,2,0,6,3,1,7,9,6,8,",",0,.,6,2,6,3,8,2,8,9,0,0,6,9,3,4,0,1,",",1,6,2,9,8,4,1,9,9,8,.,9,6,7,3,9,1
0,.,0,3,2,5,2,6,4,4,3,0,1,2,5,1,5,7,3,",",0,.,8,8,4,0,1,3,7,8,2,5,7,9,1,5,2,6,",",1,6,2,9,8,4,1,9,9,8,.,9,6,7,3,9,1
0,.,7,1,0,7,5,4,3,9,7,7,2,6,9,1,8,5,",",0,.,5,2,8,5,3,0,1,4,0,8,5,3,9,4,9,",",1,6,2,9,8,4,1,9,9,8,.,9,6,7,3,9,1
0,.,9,7,6,0,2,8,5,8,1,6,7,8,1,6,9,1,",",0,.,7,0,5,8,2,2,1,4,3,7,9,2,5,3,2,6,",",1,6,2,9,8,4,1,9,9,8,.,9,6,7,3,9,1
0,.,4,4,7,6,3,3,0,3,0,1,0,9,8,9,3,3,",",0,.,9,1,5,9,1,0,0,2,7,4,6,6,8,6,2,1,",",1,6,2,9,8,4,1,9,9,8,.,9,6,7,3,9,1
0,.,4,7,7,7,4,4,9,6,1,3,8,1,7,8,3,1,3,",",0,.,6,7,4,2,1,9,6,4,4,1,1,6,7,3,1,4,",",1,6,2,9,8,4,1,9,9,8,.,9,6,7,3,9,1
0,.,0,7,8,7,6,7,0,1,6,9,1,1,8,4,9,8,4,",",0,.,4,2,0,4,8,6,8,8,3,1,7,5,5,8,3,4,7,",",1,6,2,9,8,4,1,9,9,8,.,9,6,7,3,9,1
0,.,7,2,7,9,8,1,9,2,4,6,5,2,2,9,9,4,",",0,.,9,7,5,2,8,1,1,5,9,8,0,6,0,0,7,6,",",1,6,2,9,8,4,1,9,9,8,.,9,6,7,3,9,1
0,.,1,3,7,5,9,7,2,4,3,6,8,1,0,1,0,5,6,",",0,.,3,0,3,2,8,0,1,9,3,7,2,3,6,2,3,",",1,6,2,9,8,4,1,9,9,8,.,9,6,7,3,9,1
0,.,1,9,2,3,8,0,0,0,8,1,7,8,2,5,3,8,5,",",0,.,3,0,0,8,3,6,9,6,1,7,2,0,1,9,4,0,3,",",1,6,2,9,8,4,1,9,9,8,.,9,6,7,3,9,1
0,.,2,8,4,9,4,0,2,2,1,9,3,5,3,1,2,6,5,",",0,.,1,9,4,1,5,8,3,1,4,2,6,9,6,6,2,9,",",1,6,2,9,8,4,1,9,9,8,.,9,6,7,3,9,1
0,.,0,2,0,8,7,2,0,1,9,4,2,7,8,0,4,5,9,",",0,.,2,5,7,0,9,7,2,9,4,1,9,4,5,7,6,1,6,",",1,6,2,9,8,4,1,9,9,8,.,9,6,7,3,9,1
0,.,2,5,3,3,7,1,2,0,0,9,8,3,1,2,6,4,",",0,.,6,5,6,3,3,2,3,1,5,6,8,0,4,4,5,5,",",1,6,2,9,8,4,1,9,9,8,.,9,6,7,3,9,1
0,.,3,8,4,8,2,3,0,2,6,7,2,8,3,8,6,6,4,",",0,.,1,4,3,2,7,8,5,0,7,8,0,8,0,5,7,9,5,",",1,6,2,9,8,4,1,9,9,8,.,9,6,7,3,9,1
0,.,0,3,7,1,5,4,4,0,4,8,4,8,0,8,0,5,2,4,",",0,.,1,8,2,4,3,2,9,5,5,7,5,7,6,7,5,1,5,",",1,6,2,9,8,4,1,9,9,8,.,9,6,7,3,9,1
0,.,9,6,8,3,3,1,1,0,7,2,8,9,7,1,2,5,",",0,.,8,8,1,6,4,3,0,3,2,7,8,4,6,8,0,8,",",1,6,2,9,8,4,1,9,9,8,.,9,6,7,3,9,1
0,.,2,7,9,2,3,1,0,9,4,5,5,4,7,5,7,8,",",0,.,2,4,6,5,2,2,3,0,6,6,4,0,4,9,5,1,3,",",1,6,2,9,8,4,1,9,9,8,.,9,6,7,3,9,1
0,.,8,3,8,9,6,1,3,7,9,9,0,4,9,0,4,2,",",0,.,8,1,0,8,2,4,8,4,6,1,4,8,1,2,5,",",1,6,2,9,8,4,1,9,9,8,.,9,6,7,3,9,1
0,.,1,8,2,3,2,7,6,4,0,8,5,0,4,0,5,1,",",0,.,0,0,0,2,3,8,5,5,1,6,0,9,1,2,5,7,8,1,1,",",1,6,2,9,8,4,1,9,9,8,.,9,6,7,3,9,1
0,.,3,6,5,3,0,4,5,0,0,7,6,4,7,6,9,6,",",0,.,7,9,2,4,8,9,1,4,3,8,6,5,0,6,8,5,",",1,6,2,9,8,4,1,9,9,8,.,9,6,7,3,9,1
0,.,3,5,5,1,1,0,3,6,8,5,9,1,8,2,1,2,",",0,.,0,0,2,8,8,3,3,8,2,2,4,4,5,6,4,4,1,4,",",1,6,2,9,8,4,1,9,9,8,.,9,6,7,3,9,1
0,.,5,8,4,6,6,1,3,7,9,4,6,1,3,7,3,2,",",0,.,5,4,9,9,9,4,4,7,6,1,1,1,2,2,6,8,",",1,6,2,9,8,4,1,9,9,8,.,9,6,7,3,9,1
0,.,7,0,5,5,9,3,0,2,8,1,4,2,2,1,1,8,",",0,.,0,0,1,3,6,5,7,3,3,9,0,3,0,9,7,4,6,5,8,",",1,6,2,9,8,4,1,9,9,8,.,9,6,7,3,9,1
0,.,6,4,4,4,9,6,0,7,2,4,2,0,8,7,6,4,",",0,.,2,2,5,7,6,0,5,5,1,8,8,9,9,4,4,9,3,",",1,6,2,9,8,4,1,9,9,8,.,9,6,7,3,9,1
0,.,2,0,2,2,1,7,5,4,5,3,8,5,3,4,6,8,6,",",0,.,2,1,5,0,9,3,4,6,9,9,7,0,1,9,9,0,7,",",1,6,2,9,8,4,1,9,9,8,.,9,6,7,3,9,1
0,.,8,7,9,5,0,3,9,3,2,5,8,7,0,5,8,7,",",0,.,9,5,8,9,6,3,9,2,3,6,4,1,2,0,8,",",1,6,2,9,8,4,1,9,9,8,.,9,6,7,3,9,1
0,.,8,1,9,5,6,6,4,5,5,9,3,3,9,8,8,4,",",0,.,9,7,8,4,0,8,6,5,1,4,6,6,2,6,1,4,",",1,6,2,9,8,4,1,9,9,8,.,9,6,7,3,9,1
0,.,7,3,4,9,4,6,1,6,3,1,0,8,5,1,0,6,",",0,.,9,7,3,3,5,3,9,0,9,9,3,7,5,6,9,2,",",1,6,2,9,8,4,1,9,9,8,.,9,6,7,3,9,1
Time,LoxPressure(PSI),KeroPressure(PSI)
0.35139096050981367,0.40518881813874486,1629842089.825081
0.916181817200048,0.8030221939620674,1629842089.825081
0.42846470564222794,0.011219795506911323,1629842089.825081
0.2441661356385978,0.15834862057525267,1629842089.825081
0.6206381004799624,0.0455534325075273,1629842089.825081
0.793114349299803,0.12758433737828911,1629842089.825081
0.17758793145845675,0.7522005786024966,1629842089.825081
0.42585593072480354,0.8541431784561153,1629842089.825081
0.2588991589814418,0.9623965921543263,1629842089.825081
0.21213670659964945,0.7708048224211546,1629842089.825081
0.3460263589047857,0.7437820579161873,1629842089.825081
0.16640856608025834,0.9989421477067775,1629842089.825081
0.5446798500345656,0.1930746335706044,1629842089.825081
0.8767795934298808,0.41385514697648684,1629842089.825081
0.17827455695860372,0.9330156908863818,1629842089.825081
0.6106873969654854,0.760503572146692,1629842089.825081
0.7463674992795268,0.6577606067184272,1629842089.825081
0.9189555037899156,0.3116514160017967,1629842089.825081
0.9344338383186994,0.24645429736876578,1629842089.825081
0.8134230155835677,0.11108541502069813,1629842089.825081
0.7786304149352393,0.17713015425838485,1629842089.825081
0.657787084307885,0.004222273257499798,1629842089.825081
0.0721762081372006,0.5968130365829899,1629842089.825081
0.7068619293437912,0.004812931946910903,1629842089.825081
0.733746033945807,0.6462991296227064,1629842089.825081
0.9009749169388138,0.35129270931333834,1629842089.825081
0.4870666824852561,0.553070935531356,1629842089.825081
0.5350778355635603,0.5980486028167622,1629842089.825081
0.7458203985322678,0.6094325737011178,1629842089.825081
0.12089547673328915,0.35891860415776144,1629842089.825081
0.5544602807865971,0.7867566484502981,1629842089.825081
0.42522415227620525,0.8380573161994803,1629842089.825081
0.8676302070428447,0.03758976532871883,1629842089.825081
0.9312931288499844,0.6830901696753299,1629842089.825081
0.24517128627547613,0.9530680867109665,1629842089.825081
0.5831046518525975,0.6778330703140742,1629842089.825081
0.3516855951940281,0.16285952142877003,1629842089.825081
0.49609337998927505,0.011948970586985186,1629842089.825081
0.4586399472084778,0.010866263721862168,1629842089.825081
0.7392037843243832,0.2433359898178501,1629842089.825081
0.5357820706577092,0.6361717376239392,1629842089.825081
0.4727222452599503,0.68137193278948,1629842089.825081
0.3783581043184612,0.8342271733557155,1629842089.825081
0.5987697543519362,0.44377744261733887,1629842089.825081
0.4450851826292871,0.6298159232526108,1629842089.825081
0.8717802147503494,0.5701585969965285,1629842089.825081
0.9101542331882867,0.29750767182380244,1629842089.825081
0.24644409262609468,0.29275102175964574,1629842089.825081
0.4274818500316425,0.992607978063315,1629842089.825081
0.4089315569736599,0.7975461150543448,1629842089.825081
0.7170228850080143,0.23903605009773143,1629842089.825081
0.10871037230702607,0.868017073240075,1629842089.825081
0.8947776882007664,0.8794623702632295,1629842089.825081
0.17346611624227526,0.24411898249541553,1629842089.825081
0.23051316089451013,0.280525716860074,1629842089.825081
0.9706966563247528,0.4014347138649381,1629842089.825081
0.7350320459708829,0.6653791446317181,1629842089.825081
0.9363789101466391,0.6792070321573268,1629842089.825081
0.9578458630583627,0.9988985341205596,1629842089.825081
0.026487628837211008,0.09991460458687196,1629842089.825081
0.32576953625339233,0.060164777040107476,1629842089.825081
0.8156945647237871,0.8073242421747256,1629842089.825081
0.6581564567075262,0.24626611210704186,1629842089.825081
0.8840962271318443,0.2648342910046215,1629842089.825081
0.44241391300367217,0.7748026660398767,1629842089.825081
0.8604509355309015,0.13431479182108075,1629842089.825081
0.07021159162355373,0.16853412104366328,1629842089.825081
0.7216189726824038,0.6925899497616123,1629842089.825081
0.6379938200591747,0.0149898007406698,1629842089.825081
0.5235470366171369,0.1675917210811093,1629842089.825081
0.19036266454257622,0.9276491960797841,1629842089.825081
0.5747293602547073,0.2937895316567206,1629842089.825081
0.651465141284012,0.21285835875755887,1629842089.825081
0.798072530444477,0.5719837522992669,1629842089.825081
0.2830639960922414,0.21177581505904153,1629842089.825081
0.5261342684081853,0.5779413062802411,1629842089.825081
0.6551560128235976,0.802603367325231,1629842089.825081
0.27407505549699573,0.7753286563366782,1629842089.825081
0.28250961032877786,0.2403588335153235,1629842089.825081
0.19084871886177113,0.017159038685751304,1629842089.825081
0.7833680571732641,0.18241197272621323,1629842089.825081
0.40981093604472374,0.22976548586909162,1629842089.825081
0.438913242506458,0.6817394962141441,1629842089.825081
0.9091314046544854,0.3480784483075954,1629842089.825081
0.059351322409074925,0.04516397056061827,1629842089.825081
0.28532385970837504,0.25072457949174987,1629842089.825081
0.13587961831023032,0.3912950973213146,1629842089.825081
0.8076887496644073,0.3760243017113133,1629842089.825081
0.2476301543190237,0.13167733382199187,1629842089.825081
0.8588038410245605,0.7562871678341595,1629842089.825081
0.8773780995904029,0.8571065515341862,1629842089.825081
0.053282297160983094,0.10301985375174572,1629842089.825081
0.2729397849927142,0.8791183207588709,1629842089.825081
0.7780478444689323,0.7089986752369194,1629842089.825081
0.8148623526146128,0.334878408314356,1629842089.825081
0.13067963058893817,0.20795427442083603,1629842089.825081
0.49628457180234753,0.28202032927611753,1629842089.825081
0.41061940745384473,0.09717886665079634,1629842089.825081
0.8798753722998417,0.6326892231110649,1629842089.825081
0.42158990219178794,0.85738411334731,1629842089.825081
0.7720307788367933,0.6966240660872755,1629842089.825081
0.20577050839284783,0.18765127389401393,1629842089.825081
0.8685930055011457,0.08286006623276454,1629842089.825081
0.16673534165960302,0.6054951747445256,1629842089.825081
0.8855278895270754,0.5310418643439281,1629842089.825081
0.28236732907979034,0.286157503788505,1629842089.825081
0.15729133378434434,0.8217355913799249,1629842089.825081
0.09926531353052737,0.704976913690441,1629842089.825081
0.7499192599267746,0.6145035542498328,1629842089.825081
0.6932151331406401,0.2978007309574222,1629842089.825081
0.41767208569862624,0.02370692931765328,1629842089.825081
0.6454626893952767,0.15941176044854188,1629842089.825081
0.5842918880535195,0.5518388240937613,1629842089.825081
0.8496063364679657,0.04071633900001037,1629842089.825081
0.23274196817971482,0.621679649241872,1629842089.825081
0.5100476156081432,0.8423355663644452,1629842089.825081
0.15356972918705047,0.6739699057443977,1629842089.825081
0.13742299261736346,0.36194936016632717,1629842089.825081
0.7785733085242803,0.21005928319817024,1629842089.825081
0.8770325155131141,0.6060524529285127,1629842089.825081
0.05398951717861922,0.6956546386979302,1629842089.825081
0.3829181610671891,0.4762968998656617,1629842089.825081
0.9159043839752289,0.585121866274205,1629842089.825081
0.836955026227444,0.6931616681952395,1629842089.825081
0.6575293479716348,0.2875768999892142,1629842089.825081
0.1348273774331764,0.2628270812520014,1629842089.825081
0.95698265017206,0.6911765387914218,1629842089.825081
0.8860651140378069,0.4316872762024129,1629842089.825081
0.9500731514245772,0.8829817361009815,1629842089.825081
0.9020608598583612,0.700039391034466,1629842089.825081
0.4187762372486813,0.7392107465546949,1629842089.825081
0.12739797040020384,0.893368251449365,1629842089.825081
0.835212956777523,0.5473293739536746,1629842089.825081
0.5070228566409585,0.14916479325190246,1629842089.825081
0.5940258578359888,0.8121955857054944,1629842089.825081
0.08062409962628259,0.04556833204944721,1629842089.825081
0.7145216505255378,0.5387071398915729,1629842089.825081
0.9980678730164935,0.315628760600573,1629842089.825081
0.8511253892455242,0.005873028547634052,1629842089.825081
0.053817484972405794,0.7227856135479386,1629842089.825081
0.08053914541383933,0.9372790506748508,1629842089.825081
0.4036314272969499,0.5399612329275407,1629842089.825081
0.20368025064792517,0.48616547001103894,1629842089.825081
0.5643028297700146,0.35691474171958715,1629842089.825081
0.6393092396400103,0.5920769229954784,1629842089.825081
0.815248706429756,0.06659488744502073,1629842089.825081
0.7182520738879217,0.4259158071726734,1629842089.825081
0.641401472129765,0.6952353554898598,1629842089.825081
0.0007166137880327828,0.9370617312199078,1629842089.825081
0.7278897395697574,0.4069436799418946,1629842089.825081
0.42066964364749226,0.33047099241941524,1629842089.825081
0.38312141593095883,0.4096650080706803,1629842089.825081
0.396015243946807,0.7710985728890739,1629842089.825081
0.34984792034826107,0.33395836430766346,1629842089.825081
0.4764165914273225,0.6918327068531643,1629842089.825081
0.4054354235923461,0.22509401187432787,1629842089.825081
0.5161013854062612,0.197039374211733,1629842089.825081
0.4504866232290091,0.15492820734071622,1629842089.825081
0.629909420375379,0.06281709042101125,1629842089.825081
0.3590246803599656,0.842284417587906,1629842089.825081
0.3064547681442942,0.4462271529902241,1629842089.825081
0.6001951431024515,0.25926670251759665,1629842089.825081
0.6737586210557016,0.4134785274266557,1629842089.825081
0.5473572271221059,0.7933896246713243,1629842089.825081
0.6958542708916797,0.8230675876974781,1629842089.825081
0.47248530390204846,0.3530164604327082,1629842089.825081
0.6262093042030692,0.9367446803379973,1629842089.825081
0.7846628423095964,0.4831445569364985,1629842089.825081
0.6330652389139821,0.7766158697397614,1629842089.825081
0.301195887277397,0.6717061253222318,1629842089.825081
0.5298388193865947,0.3949659578994177,1629842089.825081
0.5014239042400097,0.02959432149500396,1629842089.825081
0.08403258268138081,0.13812315530342312,1629842089.825081
0.13469457256351847,0.5317739369908628,1629842089.825081
0.4311767501941549,0.7806514902615831,1629842089.825081
0.5804616481499447,0.23212350258827485,1629842089.825081
0.4475618670620911,0.8744691881946184,1629842089.825081
0.4545419955359701,0.09249363281866485,1629842089.825081
0.6981987291486197,0.331184425627271,1629842089.825081
0.5963905278308513,0.6520886345511802,1629842089.825081
0.036260123201161454,0.14440306904981792,1629842089.825081
0.7520503752917611,0.08951453946983434,1629842089.825081
0.38867675297574333,0.47828579878524435,1629842089.825081
0.5564185351094206,0.018283288496856342,1629842089.825081
0.6602245879755343,0.2662515218091377,1629842089.825081
0.355545596055001,0.17896914547361276,1629842089.825081
0.49656272591836814,0.445214744280944,1629842089.825081
0.8738305726807722,0.8443721122953124,1629842089.825081
0.8731748071554352,0.3316440397538275,1629842089.825081
0.7474681278042328,0.8490898747881588,1629842089.825081
0.6827303818526989,0.5074408376054476,1629842089.825081
0.9845587384859498,0.7799044843333962,1629842089.825081
0.94881304167687,0.8654806717730467,1629842089.825081
0.8657086430396442,0.3614438248506364,1629842089.825081
0.8431938095931695,0.6570012412669765,1629842089.825081
0.8181409771648456,0.9112459498607582,1629842089.825081
0.02758243110100056,0.36397397853639013,1629842089.825081
0.7381088044156947,0.7386189943595489,1629842089.825081
0.3638030747458121,0.555417617128672,1629842089.825081
0.6985240478499541,0.1355622952626231,1629842089.825081
0.8250780620305216,0.7665149304113799,1629842089.825081
0.6607786830361972,0.31247188679296545,1629842089.825081
0.24795965406631504,0.011898682432431862,1629842089.825081
0.2999349378381111,0.6097186723983054,1629842089.825081
0.2765831804578104,0.23236535253629498,1629842089.825081
0.11362502312803358,0.9690553038929518,1629842089.825081
0.9159939944415993,0.9644973402000164,1629842089.825081
0.4579877306551172,0.39104409342080915,1629842089.825081
0.2774395183288214,0.6210643940398389,1629842089.825081
0.280223523415268,0.6760575939073441,1629842089.825081
0.7600434158543261,0.024410436523060075,1629842089.825081
0.7645946273872188,0.26967509766819364,1629842089.825081
0.31400977932464746,0.7386186997729522,1629842089.825081
0.9173256342593986,0.2835456273624243,1629842089.825081
0.849631284986924,0.8001452880523726,1629842089.825081
0.3655239293594824,0.8725496221680461,1629842089.825081
0.060477877892000986,0.08649503917047408,1629842089.825081
0.613821025545875,0.432524598785446,1629842089.825081
0.5270617184803373,0.944014865294953,1629842089.825081
0.07481916533685218,0.9395622457567394,1629842089.825081
0.1257214962209422,0.024710742155347853,1629842089.825081
0.05113076214466539,0.7992831509827614,1629842089.825081
0.9015599795598874,0.09797226945745274,1629842089.825081
0.8225360283003809,0.10884020740147415,1629842089.825081
0.4500504349495804,0.26674547717702657,1629842089.825081
0.6761106883593111,0.6642067478835888,1629842089.825081
0.07518735468786131,0.8624702299914214,1629842089.825081
0.31795110933700843,0.4505443522535676,1629842089.825081
0.12691788451956154,0.42574447136499827,1629842089.825081
0.6571060353024346,0.605403573295355,1629842089.825081
0.748223220069808,0.8670831803961048,1629842089.825081
0.931556455506937,0.7778983098021108,1629842089.825081
0.3169873301300956,0.4232159470512068,1629842089.825081
0.7954554280635081,0.8425061181309591,1629842089.825081
0.032986715888116636,0.46814111059036256,1629842089.825081
0.3345079973450644,0.06619903791768567,1629842089.825081
0.04105340880096586,0.3219750772641089,1629842089.825081
0.593599698281485,0.3177166969606108,1629842089.825081
0.16759661969652695,0.619154880846155,1629842089.825081
0.09481346629687826,0.7597678826892724,1629842089.825081
0.3750471670309208,0.28330136918062754,1629842089.825081
0.5225517820576595,0.4646525245709917,1629842089.825081
0.8248706257248998,0.6257479154561547,1629842089.825081
0.3614145399332501,0.4239669480107062,1629842089.825081
0.7843323546624187,0.5592395802087574,1629842089.825081
0.23650717441161317,0.4686314004960175,1629842089.825081
0.5253155290909982,0.7392877694183715,1629842089.825081
0.8056595209560294,0.8208904672598649,1629842089.825081
0.666344446610928,0.26559274719089887,1629842089.825081
0.5741944200495109,0.2662813472132267,1629842089.825081
0.8132153360083089,0.2219291865465568,1629842089.825081
0.021531640844356992,0.4456845984679132,1629842089.825081
0.8999804107803548,0.49066560344415533,1629842089.825081
0.8101470491301862,0.9409690877571154,1629842089.825081
0.6802980459761696,0.001012980123723306,1629842089.825081
0.6456200249964147,0.616325983752278,1629842089.825081
0.3345506285792986,0.7457395517314794,1629842089.825081
0.6062866509365078,0.8212558315590944,1629842089.825081
0.8211277263137035,0.02106374605514072,1629842089.825081
0.8408011424616858,0.9912169279500527,1629842089.825081
0.9079281209162847,0.8411508646715923,1629842089.825081
0.6238921992942535,0.44715285163470964,1629842089.825081
0.306641771976054,0.5683051161679524,1629842089.825081
0.17770383729817252,0.04676155206985011,1629842089.825081
0.9855551022892016,0.4204097884270067,1629842089.825081
0.16973343734115143,0.8444487894193118,1629842089.825081
0.7338674197534117,0.5421185131713552,1629842089.825081
0.9369177480491543,0.8517764731339058,1629842089.825081
0.8773100399442947,0.9455218820551134,1629842089.825081
0.12216514070132567,0.654593678751156,1629842089.825081
0.27355219013321397,0.515483978691703,1629842089.825081
0.42384175139096925,0.6385854647197887,1629842089.825081
0.6451476250764621,0.23235064152033824,1629842089.825081
0.2627857351399665,0.5245326662606135,1629842089.825081
0.518732054708842,0.8487400203287424,1629842089.825081
0.7434548045484795,0.2654560154491892,1629842089.825081
0.23825801783028788,0.15216646828943825,1629842089.825081
0.15503309774104013,0.3601855062958558,1629842089.825081
0.8981150482766244,0.5069120033985444,1629842089.825081
0.2439474317949183,0.7152821784114459,1629842089.825081
0.8876038992808812,0.3435775648826668,1629842089.825081
0.39252556429762353,0.9622765197883186,1629842089.825081
0.25123298922107595,0.8413217777821246,1629842089.825081
0.12580916391316554,0.2087410914912522,1629842089.825081
0.3228388770502665,0.11856822166798708,1629842089.825081
0.7396489265582977,0.35672939347964006,1629842089.825081
0.2798541923907094,0.3521277966344999,1629842089.825081
0.30393491370894676,0.20204484192356575,1629842089.825081
0.03614290144933108,0.7106852069642017,1629842089.825081
0.1952780506454337,0.8114943940986014,1629842089.825081
0.35560522101750613,0.514918879060785,1629842089.825081
0.7917264442926776,0.4534107868012113,1629842089.825081
0.3099536298699448,0.30119348160206305,1629842089.825081
0.4054304808435303,0.4062121705788828,1629842089.825081
0.9146839096582244,0.47248160355484425,1629842089.825081
0.680697306329501,0.345278721356727,1629842089.825081
0.145074821020033,0.9008122662773546,1629842089.825081
0.8481701378610766,0.17561319372719186,1629842089.825081
0.11164331428608754,0.9784825886203561,1629842089.825081
0.401226360489108,0.23423451852009725,1629842089.825081
0.6517676810320432,0.3461848399535632,1629842089.825081
0.16445026221436776,0.8131596268589572,1629842089.825081
0.5464949237675977,0.13322845145673634,1629842089.825081
0.654884794370958,0.21420962660488274,1629842089.825081
0.5632684868819866,0.4421512077015879,1629842089.825081
0.7821323552145412,0.37879483160542715,1629842089.825081
0.30363094414555203,0.2310347839585365,1629842089.825081
0.5144884271298257,0.5939291365230464,1629842089.825081
0.818690180064473,0.8844566520363086,1629842089.825081
0.6484617283826932,0.32961944616908967,1629842089.825081
0.040938188477675164,0.6698430196679817,1629842089.825081
0.01272445393062771,0.9359419829729836,1629842089.825081
0.9855354343341756,0.8352900594998985,1629842089.825081
0.16246401031129376,0.9852559206440226,1629842089.825081
0.3209078635029029,0.6378385753705541,1629842089.825081
0.45355643167222526,0.9615573269360417,1629842089.825081
0.623738398523983,0.06419079081241563,1629842089.825081
0.6338336360738495,0.9233211544629671,1629842089.825081
0.9929021514962566,0.7795986128256089,1629842089.825081
0.6684927620010638,0.4446538497656439,1629842089.825081
0.928821688547368,0.01573650712934993,1629842089.825081
0.6292133743846213,0.32399524743132313,1629842089.825081
0.3495768527134694,0.836462481809421,1629842089.825081
0.7227942968320833,0.8496358140808767,1629842089.825081
0.5936060483159304,0.12378138155442198,1629842089.825081
0.8888618736385944,0.2042332801297151,1629842089.825081
0.2269715214528193,0.9500408893769423,1629842089.825081
0.6796623260725129,0.22024707100887864,1629842089.825081
0.5439620589483996,0.7763047509483898,1629842089.825081
0.6302446247598553,0.5196317807232952,1629842089.825081
0.09575948632683673,0.774936136080241,1629842089.825081
0.4413073279007075,0.9744556515655879,1629842089.825081
0.22634275767114298,0.7578818131814402,1629842089.825081
0.6560804536853673,0.8574154956243795,1629842089.825081
0.07742120343674808,0.6843055348605883,1629842089.825081
0.6342865745860318,0.6078177449855446,1629842089.825081
0.6970466503224665,0.17128021488408196,1629842089.825081
0.7420295389742975,0.7786485632615846,1629842089.825081
0.3798277676386823,0.671871646383923,1629842089.825081
0.542825147318715,0.18712263367173143,1629842089.825081
0.25591455881532255,0.7197002504398142,1629842089.825081
0.25068774281852235,0.0909238374147503,1629842089.825081
0.9011192941767737,0.9613573942555124,1629842089.825081
0.6911472191089512,0.08801115439393492,1629842089.825081
0.09424343862116169,0.8806090091420974,1629842089.825081
0.7875163468354407,0.17873224134082655,1629842089.825081
0.6969338939224936,0.213128773968991,1629842089.825081
0.8542911622615709,0.6731020208312875,1629842089.825081
0.8804298458570279,0.12722442657120714,1629842089.825081
0.6412798970428581,0.11415174544734341,1629842089.825081
0.8367457389986215,0.7135494351969137,1629842089.825081
0.5616012838099058,0.12631890756916853,1629842089.825081
0.2326464777855637,0.10541087356791978,1629842089.825081
0.7821485194591979,0.5327584764476914,1629842089.825081
0.4313848585007025,0.7111044236457286,1629842089.825081
0.9658408881572405,0.23462488645461255,1629842089.825081
0.8903990450099144,0.9058803724458178,1629842089.825081
0.8539508603305329,0.8590375755790168,1629842089.825081
0.39946785769186943,0.3682938939365855,1629842089.825081
0.9531061280178651,0.08250086619160835,1629842089.825081
0.5609250080356905,0.148576015976846,1629842089.825081
0.22723427098752624,0.35855376643845416,1629842089.825081
0.4908465444997454,0.4542353078234602,1629842089.825081
0.18948220051339237,0.6609173155517625,1629842089.825081
0.9126311406707406,0.4355335089680802,1629842089.825081
0.07857800324165609,0.24810632938100763,1629842089.825081
0.5907008538056604,0.7238459614214161,1629842089.825081
0.8381811338213069,0.47871507591778917,1629842089.825081
0.8245452792344292,0.41847639924815894,1629842089.825081
0.9576384254338374,0.5483318534032223,1629842089.825081
0.43527381203851156,0.606181344030904,1629842089.825081
0.6559660460250475,0.1403611904468186,1629842089.825081
0.035489892964910674,0.7671692296434033,1629842089.825081
0.22753439702720168,0.534899030469557,1629842089.825081
0.24023524390489714,0.5673710574731694,1629842089.825081
0.5195603599777605,0.1016084563484434,1629842089.825081
0.41774544507531364,0.1622333557046337,1629842089.825081
0.40240523849963894,0.020303135016236262,1629842089.825081
0.18296301459659126,0.7385114257072607,1629842089.825081
0.6535075760890201,0.8788368230337611,1629842089.825081
0.9043979913698424,0.6642918465419617,1629842089.825081
0.2591143513538924,0.9503411479777387,1629842089.825081
0.0316002655658858,0.4145131476969849,1629842089.825081
0.25742869289004433,0.9589732516859456,1629842089.825081
0.17097340103143277,0.004743539128241547,1629842089.825081
0.021019480174283567,0.472610664874624,1629842089.825081
0.6080213586776293,0.8792581643583641,1629842089.825081
0.4979036008919828,0.08524040562225144,1629842089.825081
0.6907704762511624,0.9201584273199341,1629842089.825081
0.8326957612327252,0.5826243902431907,1629842089.825081
0.2107821886880955,0.25398985889654513,1629842089.825081
0.0385992328521384,0.07575392780331003,1629842089.825081
0.4819382540721233,0.8531680907200399,1629842089.825081
0.5236426640791586,0.3794978395827815,1629842089.825081
0.705303639894346,0.15842070492936633,1629842089.825081
0.7061096814713254,0.9311408092796589,1629842089.825081
0.5057260383470245,0.3172644859618289,1629842089.825081
0.0625690323061533,0.38602859408893264,1629842089.825081
0.3731770727936531,0.26019770034792145,1629842089.825081
0.8140776151452441,0.9259033902729417,1629842089.825081
0.32060641764118303,0.6982899992294815,1629842089.825081
0.04737464109178424,0.820077388964445,1629842089.825081
0.03983036490268743,0.7484113991079439,1629842089.825081
0.6653532201027278,0.9432191529800888,1629842089.825081
0.8680101168430925,0.6428046494614379,1629842089.825081
0.5373635710141632,0.4220301284550011,1629842089.825081
0.7404768964850342,0.960498418772442,1629842089.825081
0.9051920978212011,0.5684591984651731,1629842089.825081
0.529335963372572,0.03615607242173413,1629842089.825081
0.1599695194713593,0.3465466901217542,1629842089.825081
0.07884557346915688,0.253716157677643,1629842089.825081
0.960665484391365,0.5519501069151006,1629842089.825081
0.018592385910787712,0.9797037347597357,1629842089.825081
0.6070649151871942,0.61364997122222,1629842089.825081
0.4535914163322363,0.8108442450295981,1629842089.825081
0.24610173285028636,0.493923958382147,1629842089.825081
0.5514262997264577,0.44521470095248894,1629842089.825081
0.719029708295817,0.9987745748647173,1629842089.825081
0.5564151137475615,0.10223000176177577,1629842089.825081
0.7657454688925364,0.4687191803963192,1629842089.825081
0.5599259171340408,0.1881729650804419,1629842089.825081
0.8417356106033855,0.859627688732732,1629842089.825081
0.11242093610766479,0.18666692826658293,1629842089.825081
0.06579496276764107,0.9139633629851195,1629842089.825081
0.924485498303436,0.9902827986720228,1629842089.825081
0.4934774600490561,0.9328658785762338,1629842089.825081
0.3447557622863482,0.7539128229962601,1629842089.825081
0.3685482394528411,0.5140360595396126,1629842089.825081
0.4848234572750125,0.7331803221762745,1629842089.825081
0.41497238696515215,0.18091276802688394,1629842089.825081
0.9102604075303609,0.45230707626665756,1629842089.825081
0.5648142366002104,0.2985148512820647,1629842089.825081
0.13067282748839004,0.9536968895386592,1629842089.825081
0.4849452816261838,0.08364133327038059,1629842089.825081
0.3531207601389519,0.6503542020530966,1629842089.825081
0.35646300937310227,0.11366478860568263,1629842089.825081
0.8318906390188187,0.46252904889965785,1629842089.825081
0.6040158145244805,0.5185790239963287,1629842089.825081
0.6936949685807918,0.9354370329063827,1629842089.825081
0.3352415588256533,0.7308998424237151,1629842089.825081
0.6613078064904471,0.3010790423418904,1629842089.825081
0.5041408284383736,0.07074212518292844,1629842089.825081
0.18872802431534563,0.9327637724098311,1629842089.825081
0.5665148570664288,0.5834611222702613,1629842089.825081
0.822209630065192,0.1829560293805541,1629842089.825081
0.26238502142704123,0.9566824222687553,1629842089.825081
0.17225568539142333,0.23664182999903183,1629842089.825081
0.4517010008604563,0.42464704050427104,1629842089.825081
0.9485870140024579,0.15196103417888163,1629842089.825081
0.8950058580703403,0.5053914932715887,1629842089.825081
0.507143987929775,0.40203918051218934,1629842089.825081
0.8489302808728032,0.2105300555977041,1629842089.825081
0.4508799175499021,0.451378611279471,1629842089.825081
0.433710511155907,0.9977773631413632,1629842089.825081
0.893162963514628,0.46631482095802934,1629842089.825081
0.2762854614421536,0.21990591917197466,1629842089.825081
0.29305489720316324,0.09284064569909656,1629842089.825081
0.22039862322703652,0.9491266275959181,1629842089.825081
0.3646898786218953,0.4812373063216143,1629842089.825081
0.12434538376835991,0.5492192251938067,1629842089.825081
0.6886813688443149,0.5487619111590282,1629842089.825081
0.9641176896580739,0.18816275615374423,1629842089.825081
0.655787108657403,0.39470353471571606,1629842089.825081
0.28667481510853643,0.5550524824114922,1629842089.825081
0.8552816702693788,0.8876774838798668,1629842089.825081
0.052242153297671234,0.8891120358959589,1629842089.825081
0.7310702571531545,0.0776336512103184,1629842089.825081
0.3880468808342724,0.9457140464872666,1629842089.825081
0.560926460953723,0.16485219804969353,1629842089.825081
0.9004793233721397,0.27090846608570684,1629842089.825081
0.0014696096379005485,0.9936803418534222,1629842089.825081
0.8956677799208111,0.4241430465227072,1629842089.825081
0.17679111230144207,0.6362010008320154,1629842089.825081
0.8953693348536151,0.45550378815924064,1629842089.825081
0.14287771342954236,0.4114078765707423,1629842089.825081
0.7020947897257018,0.24556036314454877,1629842089.825081
0.6578479955081691,0.4012092868906614,1629842089.825081
0.6798895026729446,0.07148905371757097,1629842089.825081
0.12257232189189693,0.8690937899815707,1629842089.825081
0.3829203172599719,0.8081176609529844,1629842089.825081
0.3337865583537043,0.8685808782124459,1629842089.825081
0.6069004025480265,0.8849598400487249,1629842089.825081
0.03845204938104041,0.908745797188406,1629842089.825081
0.3898523919171748,0.4914063635075332,1629842089.825081
0.3272010917154706,0.7836311101831503,1629842089.825081
0.37272940131623966,0.6740961854257954,1629842089.825081
0.04053922492026951,0.5930903663598434,1629842089.825081
0.15746292856430177,0.03388203601437367,1629842089.825081
0.3955105729537999,0.6730956577034,1629842089.825081
0.17781619872513166,0.015431171977979607,1629842089.825081
0.025226849741455726,0.7873407244377866,1629842089.825081
0.43732977671427387,0.48178734361832265,1629842089.825081
0.5695021452651385,0.47239816706150795,1629842089.825081
0.9819966880956276,0.6972457446167832,1629842089.825081
0.17624458940841103,0.9895180054309459,1629842089.825081
0.174825636438536,0.4353052042102864,1629842089.825081
0.46604627688208144,0.7124457479355449,1629842089.825081
0.3964145291788228,0.9516146013758756,1629842089.825081
0.8569640003718659,0.6832166666883515,1629842089.825081
0.5625720711804317,0.8394426271617578,1629842089.825081
0.052568286346847626,0.4783057712541269,1629842089.825081
0.6972523999013879,0.5143070501160997,1629842089.825081
0.680767183869096,0.7326419440205618,1629842089.825081
0.9788651066351811,0.3322024568383586,1629842089.825081
0.44041881622603807,0.8233671109780536,1629842089.825081
0.517488400428809,0.21228577589058395,1629842089.825081
0.17523823722263432,0.4686412108914708,1629842089.825081
0.4643078962702907,0.9702342529650747,1629842089.825081
0.6590443979217141,0.17761359664317256,1629842089.825081
0.6632281070980528,0.35097942810180405,1629842089.825081
0.4750511552079342,0.005146239884559534,1629842089.825081
0.564776586764179,0.788907560532093,1629842089.825081
0.2311986350531431,0.7888121377654544,1629842089.825081
0.5893349987549439,0.9484455061930019,1629842089.825081
0.7688782465013905,0.8846152241448525,1629842089.825081
0.5318535659963886,0.9887676793101098,1629842089.825081
0.17786850675506616,0.09023687096092359,1629842089.825081
0.7448611307883706,0.620919050848719,1629842089.825081
0.2490035858566163,0.6449301046548602,1629842089.825081
0.9261459472070037,0.1446550297626643,1629842089.825081
0.3991239187313155,0.40335397481615254,1629842089.825081
0.44057243345072317,0.0661548843059524,1629842089.825081
0.25118531347724704,0.8313907235508777,1629842089.825081
0.78098067913016,0.5775388116530096,1629842089.825081
0.16593245257218348,0.7332787019228602,1629842089.825081
0.3845200925137422,0.5854195684933267,1629842089.825081
0.6751095834587645,0.601232829534644,1629842089.825081
0.8407684664503992,0.8419257291697785,1629842089.825081
0.7792498475757192,0.9458017384155918,1629842089.825081
0.2720517335833985,0.6759216765536536,1629842089.825081
0.2802766229327468,0.5735618476862562,1629842089.825081
0.8137431155185068,0.9470652095843132,1629842089.825081
0.6008340079628914,0.12051581280994739,1629842089.825081
0.11227443277893423,0.7477962460302194,1629842089.825081
0.10754209552674732,0.3121519708978042,1629842089.825081
0.281687848280999,0.6577317078285996,1629842089.825081
0.7947626493373485,0.5914654981850692,1629842089.825081
0.22130122594370305,0.0025751233774717885,1629842089.825081
0.7809023295753237,0.08221107973536801,1629842089.825081
0.9161902293443672,0.5182952019899868,1629842089.825081
0.7067818083835532,0.7327316900708285,1629842089.825081
0.12874126308619893,0.2563044848693139,1629842089.825081
0.26279117399205354,0.7992689136937404,1629842089.825081
0.3383200729621795,0.49708215092657004,1629842089.825081
0.22502727617101426,0.3046612014425245,1629842089.825081
0.8556284740460193,0.18443418710234372,1629842089.825081
0.19336908723427315,0.9144487193081394,1629842089.825081
0.4169600600709963,0.2257285038850615,1629842089.825081
0.6893480893802563,0.06789013380584741,1629842089.825081
0.15516608547746724,0.7043762440598104,1629842089.825081
0.9176009478140297,0.47810039444467967,1629842089.825081
0.169609064777952,0.7509020338283745,1629842089.825081
0.6701318393665662,0.32164548202856635,1629842089.825081
0.9587696990856196,0.8096030600084214,1629842089.825081
0.8490388338155689,0.29779473564444736,1629842089.825081
0.8352877176765722,0.6586026195457716,1629842089.825081
0.3105894272925921,0.3317914904178516,1629842089.825081
0.4464185420015647,0.6313459569609963,1629842089.825081
0.11612627115575003,0.9315240205975623,1629842089.825081
0.542407464537746,0.27281017870227864,1629842089.825081
0.3882491413098931,0.7052630345628769,1629842089.825081
0.9683747882053273,0.27523049099649477,1629842089.825081
0.49446225222662266,0.264116677250267,1629842089.825081
0.43286631263633135,0.2974625010768791,1629842089.825081
0.3178789094548443,0.7743366459975666,1629842089.825081
0.28592653050959393,0.5641437338106603,1629842089.825081
0.9631347811184668,0.2637579231755339,1629842089.825081
0.22664638980594853,0.8064626637401864,1629842089.825081
0.4431099238439078,0.009403088536236726,1629842089.825081
0.7631118340974397,0.6500513388619066,1629842089.825081
0.6025291314485898,0.8820524911129528,1629842089.825081
0.4335630463918234,0.29631414463414507,1629842089.825081
0.7233247276551321,0.16967452499355629,1629842089.825081
0.42769906301322447,0.6049726614226811,1629842089.825081
0.7339902624953073,0.8304863670172654,1629842089.825081
0.272975621250801,0.750078682153998,1629842089.825081
0.3509050954705517,0.1779994075742095,1629842089.825081
0.6381267754522081,0.8214278429319745,1629842089.825081
0.70322517957931,0.7680926702570492,1629842089.825081
0.8327063875819036,0.7660180066297836,1629842089.825081
0.8697470495397546,0.6459620727448542,1629842089.825081
0.10992274884898001,0.6704150921125586,1629842089.825081
0.5211708041286882,0.29039522676128027,1629842089.825081
0.09730458870895065,0.41502241217389213,1629842089.825081
0.13748289254777313,0.8141299191618585,1629842089.825081
0.6250728488452075,0.11356539007502564,1629842089.825081
0.20535921183124017,0.215403839372307,1629842089.825081
0.2663430079906005,0.24469623675702934,1629842089.825081
0.7557957702211089,0.28420309525514786,1629842089.825081
0.8217701964226308,0.32692202193548836,1629842089.825081
0.343398263222191,0.10669472784588119,1629842089.825081
0.1326328305002098,0.4145750710538265,1629842089.825081
0.47322441878822197,0.5136068325160212,1629842089.825081
0.5397565069243111,0.2571508954482157,1629842089.825081
0.2862421316325954,0.403761093785317,1629842089.825081
0.5757919221870964,0.8364758607102244,1629842089.825081
0.7266301825418658,0.9138826580573141,1629842089.825081
0.5942933851723449,0.01678844943610258,1629842089.825081
0.7738668735627467,0.2617620737976074,1629842089.825081
0.6790423511044087,0.3747430609942489,1629842089.825081
0.9645757557701667,0.7952995196752163,1629842089.825081
0.17951368158934156,0.7888280353201464,1629842089.825081
0.6949788121878165,0.7258647727863378,1629842089.825081
0.30104366588833265,0.2711306752761752,1629842089.825081
0.5869768339905538,0.6620825990113529,1629842089.825081
0.7187991926292551,0.35400411965496215,1629842089.825081
0.09263458957787718,0.15420468918326402,1629842089.825081
0.8546723599739429,0.20994555587256314,1629842089.825081
0.6604670390257499,0.13815458216246324,1629842089.825081
0.895197154029905,0.8045046591720679,1629842089.825081
0.5306621286008922,0.3633732540084901,1629842089.825081
0.7440339262584615,0.09738835673448298,1629842089.825081
0.2278998860670406,0.43554105866004056,1629842089.825081
0.11975774740538925,0.5138822707374919,1629842089.825081
0.11081941276650908,0.006339486938285899,1629842089.825081
0.7910456004238796,0.11431426442453141,1629842089.825081
0.7947760532934478,0.18657702231368878,1629842089.825081
0.5247992805792816,0.5796191493694395,1629842089.825081
0.6789345612678006,0.5102564126059729,1629842089.825081
0.17609523200255306,0.6849492206221824,1629842089.825081
0.7761996315183123,0.5113001609714924,1629842089.825081
0.7198862012153326,0.9321444002749203,1629842089.825081
0.8292997356221518,0.3311882853536091,1629842089.825081
0.5729722794450595,0.3623379755104891,1629842089.825081
0.9439585007961576,0.9051700993812517,1629842089.825081
0.11677670922449568,0.5016947233990581,1629842089.825081
0.6357488977902458,0.8836000883019582,1629842089.825081
0.3543606916945531,0.5513592502676103,1629842089.825081
0.4194205411135642,0.2902400304009408,1629842089.825081
0.9814189759925244,0.5068006129626779,1629842089.825081
0.6624475419021345,0.41268972185699415,1629842089.825081
0.9895288618440505,0.5482433134015885,1629842089.825081
0.041123473697702084,0.10041371782551556,1629842089.825081
0.2466475229152968,0.6609622012537479,1629842089.825081
0.7141695764421153,0.23859701232555341,1629842089.825081
0.9222169800199242,0.298197901582017,1629842089.825081
0.13710576898909788,0.3629188810466535,1629842089.825081
0.8927595335203186,0.34597001401214744,1629842089.825081
0.4034514688974644,0.11231914471588755,1629842089.825081
0.8809478735595395,0.8855871522805782,1629842089.825081
0.17369611763517445,0.24480961540229695,1629842089.825081
0.3129337934530665,0.7490390616230683,1629842089.825081
0.6032640130793347,0.4448502963329417,1629842089.825081
0.6686613915712191,0.8367573594010426,1629842089.825081
0.28575052996989136,0.7166744366747771,1629842089.825081
0.6783103149126386,0.7859753729057326,1629842089.825081
0.6932131938928142,0.36291608499504424,1629842089.825081
0.34957833016039064,0.5642614998875547,1629842089.825081
0.7856890776991576,0.6579782320813334,1629842089.825081
0.7879311002536992,0.1455248669220941,1629842089.825081
0.1351664542419776,0.8390292045261835,1629842089.825081
0.9285985084883557,0.9839713430272548,1629842089.825081
0.4719821836929391,0.4678285189483542,1629842089.825081
0.8442248555422955,0.7576857612198403,1629842089.825081
0.3616431305435053,0.22893931838361792,1629842089.825081
0.7647985923616004,0.6331991272076436,1629842089.825081
0.1528458345591338,0.7117577648468717,1629842089.825081
0.74700468987455,0.6527905772105149,1629842089.825081
0.6959477020266386,0.893425781616832,1629842089.825081
0.7903992184154683,0.6170925468017636,1629842089.825081
0.10333351791127754,0.9844404363584787,1629842089.825081
0.2595028785972221,0.713938804974143,1629842089.825081
0.7070429862809637,0.6836560956263621,1629842089.825081
0.3820784180476199,0.29228644742385634,1629842089.825081
0.52129739372964,0.35017614708531486,1629842089.825081
0.31718379291777254,0.29522185360755937,1629842089.825081
0.5761328053701792,0.9214516206358312,1629842089.825081
0.8854613002988462,0.6380829265239348,1629842089.825081
0.5217309928087752,0.37932780349547934,1629842089.825081
0.6989831337588711,0.6965056322457762,1629842089.825081
0.5121668374393745,0.48997848438553226,1629842089.825081
0.28858314757182013,0.7629289164357304,1629842089.825081
0.7733987717095189,0.47745378925954074,1629842089.825081
0.20201152253744092,0.20932736432413424,1629842089.825081
0.08917758636732864,0.17438623940290265,1629842089.825081
0.31599423164895546,0.991876019952987,1629842089.825081
0.5465765282308352,0.32649464877999956,1629842089.825081
0.4161820112806631,0.6920757644001947,1629842089.825081
0.41298975116896275,0.5763071860403034,1629842089.825081
0.11251839905594929,0.8839050952627943,1629842089.825081
0.8358891347890083,0.32052673095998063,1629842089.825081
0.7807981601031083,0.6713092789593018,1629842089.825081
0.11063516083475544,0.8371588173073545,1629842089.825081
0.5814038617835386,0.12182952504637368,1629842089.825081
0.8829312527073859,0.5338171526580164,1629842089.825081
0.8412622204575748,0.37182057688151826,1629842089.825081
0.3000292840180918,0.4243765508789067,1629842089.825081
0.6183919911461884,0.32941076029642613,1629842089.825081
0.9087578235430636,0.15928843638865342,1629842089.825081
0.599744266871576,0.6214221944894662,1629842089.825081
0.3879191883580604,0.5404988640790905,1629842089.825081
0.6139114417857264,0.6772922323145769,1629842089.825081
0.12339047632533906,0.7149177928620276,1629842089.825081
0.6682438447416983,0.9865186213054511,1629842089.825081
0.5633712081741137,0.49416774507600103,1629842089.825081
0.38304495774195235,0.9543150048625012,1629842089.825081
0.22981778400656083,0.33936508925390985,1629842089.825081
0.8133605045324626,0.9790927755738963,1629842089.825081
0.757380659562283,0.3795759495882304,1629842089.825081
0.6342395482213717,0.4926625169003871,1629842089.825081
0.8825173252290739,0.6528319673092733,1629842089.825081
0.4070418768421894,0.9067213596106791,1629842089.825081
0.16960729887449155,0.7207199510942093,1629842089.825081
0.9187376518461529,0.5273159661222016,1629842089.825081
0.8235738577553579,0.1499781018503269,1629842089.825081
0.4306939258029622,0.5814896824589548,1629842089.825081
0.3910179020795982,0.5076532328883223,1629842089.825081
0.866976575006767,0.5531076217618487,1629842089.825081
0.3672460828146179,0.5720058043053673,1629842089.825081
0.6016345218535428,0.19716947580336497,1629842089.825081
0.502270500790347,0.012782975216333647,1629842089.825081
0.3095993219540064,0.7640544148144794,1629842089.825081
0.19469347893384437,0.21056600840047468,1629842089.825081
0.5377461042630927,0.17740737865267664,1629842089.825081
0.2969740387857991,0.7114359640038138,1629842089.825081
0.4431570732056366,0.021175218596788392,1629842089.825081
0.6270850255693694,0.14043366223065068,1629842089.825081
0.927462972023129,0.8177717450510851,1629842089.825081
0.5583103827809445,0.7669856750745608,1629842089.825081
0.8773586198082616,0.39684467560931613,1629842089.825081
0.8111523072866801,0.6149883516656987,1629842089.825081
0.6065272094107031,0.2804231667210244,1629842089.825081
0.3430385454027701,0.1013568054149987,1629842089.825081
0.09731314739557773,0.16733454881969767,1629842089.825081
0.343750828297524,0.7854430516763381,1629842089.825081
0.5934048185153142,0.24217122476584096,1629842089.825081
0.4979475769024879,0.9957086573717849,1629842089.825081
0.9344703457380781,0.7400517142129946,1629842089.825081
0.379723434376422,0.5493304716012825,1629842089.825081
0.8408318020974302,0.9570586292301128,1629842089.825081
0.6956037430464491,0.3314443264863899,1629842089.825081
0.8252692645505985,0.6597246073638139,1629842089.825081
0.250440212807142,0.475974591515293,1629842089.825081
0.08438282440804157,0.7556461762459471,1629842089.825081
0.694128449841735,0.7398303920165057,1629842089.825081
0.21506523868805527,0.6313109914927341,1629842089.825081
0.04067475529809372,0.06576911383298367,1629842089.825081
0.6627967725853757,0.7736990612983297,1629842089.825081
0.4827011039175174,0.22981602775794074,1629842089.825081
0.1742946012752965,0.7658366681371771,1629842089.825081
0.7984375839709016,0.7972633732729563,1629842089.825081
0.0987628856796976,0.7870063951269659,1629842089.825081
0.5047974776208698,0.26365490776152656,1629842089.825081
0.49591269009651306,0.648295719733621,1629842089.825081
0.5123964550773829,0.2619483551419838,1629842089.825081
0.5219428199181828,0.302929415933183,1629842089.825081
0.4348712502953578,0.5866747388333785,1629842089.825081
0.7807443595454565,0.5455538350077243,1629842089.825081
0.9713381508566682,0.8282215998681872,1629842089.825081
0.27968260308216664,0.790918540951795,1629842089.825081
0.28651248628920145,0.07987005519291124,1629842089.825081
0.7657157097343831,0.1611527342341298,1629842089.825081
0.7141977840644956,0.06318542486223833,1629842089.825081
0.8688501729160822,0.9631253436149132,1629842089.825081
0.6687015436685635,0.09968047820985393,1629842089.825081
0.5367298950368122,0.1949747109462494,1629842089.825081
0.9591164314490542,0.6766612569545701,1629842089.825081
0.9354698140512252,0.9345381036750046,1629842089.825081
0.00856793576968895,0.45220416831901045,1629842089.825081
0.5569919201688437,0.02011786549486405,1629842089.825081
0.6301929391713242,0.5947147909468561,1629842089.825081
0.18842824073234643,0.42252482932931545,1629842089.825081
0.34898484120668016,0.7424663942623291,1629842089.825081
0.8593951795698316,0.3793549987378477,1629842089.825081
0.2128096886137727,0.13921888887178802,1629842089.825081
0.3372087132898426,0.9290341451158503,1629842089.825081
0.6628781572057693,0.6053163883226206,1629842089.825081
0.469486462754766,0.9621672996060453,1629842089.825081
0.6665202302053655,0.8201997220403483,1629842089.825081
0.29485595395665065,0.2084980802527695,1629842089.825081
0.3051001374178439,0.2317406584813202,1629842089.825081
0.8623696720683258,0.165799199807814,1629842089.825081
0.98613345802223,0.42876637912925697,1629842089.825081
0.8613102735689473,0.2378616689803551,1629842089.825081
0.5948700071604258,0.567674672361604,1629842089.825081
0.18821756652039956,0.6502916217647108,1629842089.825081
0.01620845781393576,0.15760439157978123,1629842089.825081
0.19180776956532863,0.5500593852662362,1629842089.825081
0.16797524761928373,0.8178549927039281,1629842089.825081
0.20992013990744185,0.4685429127658681,1629842089.825081
0.6419135569125501,0.6480726014542018,1629842089.825081
0.24476804751446157,0.22645178424643664,1629842089.825081
0.5501082896801108,0.24568423311401044,1629842089.825081
0.9242770847859006,0.7668807823154392,1629842089.825081
0.6108881529731731,0.21502932599200963,1629842089.825081
0.43789495758549346,0.27747972945486443,1629842089.825081
0.9678450695566051,0.38350404568293306,1629842089.825081
0.8971491792849925,0.2812124576780838,1629842089.825081
0.9166383459455425,0.18116336771626462,1629842089.825081
0.3154356729665849,0.8977542349884676,1629842089.825081
0.7359171997241848,0.6672875117784035,1629842089.825081
0.7770584408846454,0.40228421175381857,1629842089.825081
0.08297578956840912,0.06839644521043375,1629842089.825081
0.9061343691485648,0.5005607216811765,1629842089.825081
0.9626127449284397,0.7921284808315315,1629842089.825081
0.7654364278168361,0.5462559414874055,1629842089.825081
0.829610881720156,0.18414746030033247,1629842089.825081
0.32549389851638366,0.5604713513844571,1629842089.825081
0.4302065308414027,0.22335721993130908,1629842089.825081
0.6725633828768953,0.5086583930209648,1629842089.825081
0.5119265331375238,0.25521746135797074,1629842089.825081
0.6833314986633717,0.2285253175175448,1629842089.825081
0.6013238056393309,0.6968784585328273,1629842089.825081
0.612121256523793,0.8859384700714467,1629842089.825081
0.36904118001085173,0.25330048638974734,1629842089.825081
0.42427723309930665,0.08709057466945358,1629842089.825081
0.0432255690725889,0.524667364567674,1629842089.825081
0.6562121719903873,0.598309834183505,1629842089.825081
0.42973604446010427,0.8135981788024333,1629842089.825081
0.4823563272019912,0.5309854699652751,1629842089.825081
0.05960372655330404,0.5083415642568039,1629842089.825081
0.13092287044838402,0.274191795999982,1629842089.825081
0.9499830173624487,0.9541394368980617,1629842089.825081
0.6467482328135673,0.9071043883165245,1629842089.825081
0.18977868975906753,0.35596550991314535,1629842089.825081
0.658633482467012,0.3735311731143428,1629842089.825081
0.19804481443255884,0.051482984928594155,1629842089.825081
0.4825299999276377,0.5371920986263196,1629842089.825081
0.6772998218972496,0.8987909510285219,1629842089.825081
0.25926403280710264,0.028808987828871202,1629842089.825081
0.5895211520264599,0.3788491143744013,1629842089.825081
0.22845904568044695,0.7824657419372886,1629842089.825081
0.7811239383327776,0.40775104765663217,1629842089.825081
0.12868477788933175,0.5627627800741034,1629842089.825081
0.11902090631809314,0.09644850991233589,1629842089.825081
0.04847970578139171,0.7807647329602719,1629842089.825081
0.9422629720656811,0.18857542080436596,1629842089.825081
0.21326501047838087,0.07703124035568554,1629842089.825081
0.9026294479327228,0.8766659087600298,1629842089.825081
0.9754007450088484,0.03596090496714743,1629842089.825081
0.8411954424293456,0.09296019475526207,1629842089.825081
0.921172590031149,0.9366706587610374,1629842089.825081
0.5812019931450683,0.1959152294068347,1629842089.825081
0.2609621420947382,0.456647701584334,1629842089.825081
0.4653727100165246,0.41066400619333276,1629842089.825081
0.0894362507235853,0.9033955548368041,1629842089.825081
0.405057262049606,0.7063908683802962,1629842089.825081
0.6601663830512157,0.6491745426978242,1629842089.825081
0.7158725558798421,0.9237953433909206,1629842089.825081
0.44670274672996335,0.7543761192266132,1629842089.825081
0.16922904606548994,0.46609561512155717,1629842089.825081
0.023860123399580213,0.3019242975099933,1629842089.825081
0.6089146993535077,0.9370525254788825,1629842089.825081
0.07199207979186562,0.06489662715401989,1629842089.825081
0.9267141377886685,0.6035785256418059,1629842089.825081
0.5520265207423337,0.9676097258601061,1629842089.825081
0.632818025960078,0.9184926120059437,1629842089.825081
0.23930721592134108,0.6335007980302872,1629842089.825081
0.33626285013754487,0.9858467745559844,1629842089.825081
0.38945256769075587,0.8581082629297728,1629842089.825081
0.9859088779981755,0.24893700484255354,1629842089.825081
0.20726660618462245,0.9536178950336565,1629842089.825081
0.17615412155060794,0.057203611058192494,1629842089.825081
0.507500588143492,0.5646027124400701,1629842089.825081
0.14979075632328698,0.4856819108296716,1629842089.825081
0.9024980606698296,0.4612032848684554,1629842089.825081
0.66943382986676,0.022139824022525345,1629842089.825081
0.41871572096717113,0.6373708560947977,1629842089.825081
0.5856591942926918,0.4289895530415704,1629842089.825081
0.6327024439176545,0.38748076404731235,1629842089.825081
0.7707816673062883,0.8901963559877896,1629842089.825081
0.865851452286825,0.5051272119067198,1629842089.825081
0.6920114356676538,0.13855271062847485,1629842089.825081
0.1192881868104011,0.8575992469616325,1629842089.825081
0.9396417396189576,0.6431313784291166,1629842089.825081
0.9403996873384143,0.4355690861603898,1629842089.825081
0.6210705566370505,0.6957831561842704,1629842089.825081
0.2206519951034175,0.5977324972485125,1629842089.825081
0.46390823408338955,0.5642184589938165,1629842089.825081
0.14421063505241927,0.34834383094471866,1629842089.825081
0.4383083206297611,0.7538050651154217,1629842089.825081
0.43904798895063,0.8578661473982738,1629842089.825081
0.8479264616026343,0.7573104485150862,1629842089.825081
0.6844188404395954,0.9234361263706803,1629842089.825081
0.6642762974974584,0.22527613605910402,1629842089.825081
0.10981469441251324,0.28100748423711874,1629842089.825081
0.35231779737962543,0.31708965823826096,1629842089.825081
0.7411340540629751,0.8412041373334254,1629842089.825081
0.9115185326549762,0.4791373697715433,1629842089.825081
0.7503488232688565,0.3956136390843692,1629842089.825081
0.6270091020016745,0.8149714340342636,1629842089.825081
0.806381244378544,0.31663451192800485,1629842089.825081
0.9384430761127854,0.6935567409099384,1629842089.825081
0.5635948868522234,0.2319591616281904,1629842089.825081
0.7599621028535058,0.5791456281220098,1629842089.825081
0.9382978733352392,0.7226803214564028,1629842089.825081
0.298186024768317,0.7911451896333044,1629842089.825081
0.001578490931439358,0.13830051286029932,1629842089.825081
0.34254572552965934,0.2838963225458806,1629842089.825081
0.42064670239710167,0.6247295451379443,1629842089.825081
0.4907997433653175,0.8774506893766857,1629842089.825081
0.4853273317882658,0.738272177614853,1629842089.825081
0.6657759888270139,0.9726796113994283,1629842089.825081
0.44164090706038184,0.18896144450063457,1629842089.825081
0.6603855400739631,0.46909990188323236,1629842089.825081
0.7294947947867586,0.3333678594192282,1629842089.825081
0.04106796918882383,0.28057098762471533,1629842089.825081
0.018146952390214355,0.14373349190252882,1629842089.825081
0.45939745340266536,0.04751573124751918,1629842089.825081
0.42020621888231235,0.19820880027485377,1629842089.825081
0.837395449692203,0.8936693500680687,1629842089.825081
0.19177122870993113,0.02163343966240583,1629842089.825081
0.05139347959106988,0.9714340061975066,1629842089.825081
0.7777228949072741,0.07218277532948558,1629842089.825081
0.4025586815467743,0.7289228738537923,1629842089.825081
0.7980658450225483,0.7564223526971438,1629842089.825081
0.25838751995523834,0.323578492075853,1629842089.825081
0.7297110966730816,0.1814123311781205,1629842089.825081
0.8354633848212122,0.022173282985495146,1629842089.825081
0.6331322722971248,0.8347381683440105,1629842089.825081
0.2103006111451552,0.22734384984962108,1629842089.825081
0.9842132355733545,0.06697978639040347,1629842089.825081
0.6062061572562719,0.012738007037998211,1629842089.825081
0.7761763141267162,0.31591178505424,1629842089.825081
0.893736475139097,0.9646034327400304,1629842089.825081
0.7607764232529368,0.7144383455867318,1629842089.825081
0.7226858190415703,0.9888947536967169,1629842089.825081
0.4078085465700475,0.8549501037461633,1629842089.825081
0.2877889560514312,0.6685261565564018,1629842089.825081
0.6682465528280036,0.34140404326643925,1629842089.825081
0.7505557525482529,0.6822246131554617,1629842089.825081
0.48599376027897667,0.9022392583660227,1629842089.825081
0.07215555351108649,0.3122332789753336,1629842089.825081
0.7000059214714148,0.3679375125895594,1629842089.825081
0.9502925712670749,0.5507005364200419,1629842089.825081
0.3212067896773768,0.29225657482228806,1629842089.825081
0.1935225998994169,0.6704267391411675,1629842089.825081
0.9948852867621595,0.9664369246234229,1629842089.825081
0.6272340046154,0.18293711542965785,1629842089.825081
0.6996128514457006,0.6111856243491672,1629842089.825081
0.151329883880159,0.34189845089910187,1629842089.825081
0.4249394532063582,0.5600279506845722,1629842089.825081
0.9387258294126398,0.010666024995814705,1629842089.825081
0.010562181479751631,0.864886852745443,1629842089.825081
0.5349406858499588,0.8271719698079296,1629842089.825081
0.016935132650174878,0.571230248737507,1629842089.825081
0.2685309198693163,0.5689155445953047,1629842089.825081
0.7526086803212729,0.42527079987036853,1629842089.825081
0.1674302194112398,0.9402371158237355,1629842089.825081
0.45213366260082366,0.023614982895608372,1629842089.825081
0.9845192807653396,0.07733891733098686,1629842089.825081
0.7379630980027052,0.5560089165469762,1629842089.825081
0.6290437030393221,0.6253853353909843,1629842089.825081
0.7956005774903566,0.7689541066199388,1629842089.825081
0.9390097896560071,0.03159790060823009,1629842089.825081
0.6954132965334383,0.6417779613296746,1629842089.825081
0.260129248375619,0.23735425726765413,1629842089.825081
0.06962025273721328,0.14911718013066455,1629842089.825081
0.46480329916222496,0.7309619293444363,1629842089.825081
0.06686768291635126,0.9604566206347845,1629842089.825081
0.1490883387741263,0.7229943263637548,1629842089.825081
0.7834175737721387,0.49046963427680756,1629842089.825081
0.8024017675765851,0.16693887493490855,1629842089.825081
0.609844162841438,0.27208494466765354,1629842089.825081
0.27085246421054243,0.5364890188619594,1629842089.825081
0.8539217688277586,0.6011797632237975,1629842089.825081
0.2322656648838889,0.21181143445989703,1629842089.825081
0.5564244608884102,0.9213352039904193,1629842089.825081
0.5436140237156788,0.23979286470065386,1629842089.825081
0.02744607360273743,0.7809625480644828,1629842089.825081
0.860297098032319,0.01674439183229892,1629842089.825081
0.5853019562185235,0.3692366648687908,1629842089.825081
0.5271814887036427,0.9210167765925596,1629842089.825081
0.7204636577202072,0.6208886027624798,1629842089.825081
0.36480512697412437,0.06115318644347745,1629842089.825081
0.854468844974018,0.3580083477588847,1629842089.825081
0.6768942293449934,0.38004042882875366,1629842089.825081
0.2952987612606657,0.18049963100126132,1629842089.825081
0.8408131302234427,0.029808619882978893,1629842089.825081
0.3424935444471279,0.05457993586042531,1629842089.825081
0.4103481706121864,0.22778772875888964,1629842089.825081
0.7341639503808727,0.3981343773441631,1629842089.825081
0.5083510132700743,0.03166087584672761,1629842089.825081
0.9092836988686296,0.969306118419993,1629842089.825081
0.3408017234237104,0.1544415686785049,1629842089.825081
0.7433214886761946,0.13510431956635838,1629842089.825081
0.9792007706882129,0.06744314219183267,1629842089.825081
0.8286251690478658,0.6121338086866883,1629842089.825081
0.6258401573517717,0.4375063637249087,1629842089.825081
0.7820739352075354,0.2027839231551123,1629842089.825081
0.3156433336779352,0.8506841065414015,1629842089.825081
0.8670877725813523,0.620212537028025,1629842089.825081
0.8755800665607496,0.007884174622212803,1629842089.825081
0.4304877118444457,0.2589370416038277,1629842089.825081
0.283452002736552,0.6024073820623872,1629842089.825081
0.10404232056601537,0.656568984319066,1629842089.825081
0.17358903319888686,0.5755036007804439,1629842089.825081
0.04239879936773794,0.305142548952114,1629842089.825081
0.9439184070163662,0.024389876292604695,1629842089.825081
0.33498420728780565,0.7384669589651557,1629842089.825081
0.2792586812290072,0.8811048019361216,1629842089.825081
0.07407676923602657,0.6095577818397467,1629842089.825081
0.8174040510752584,0.559885671650944,1629842089.825081
0.7457788357997513,0.9573475027538549,1629842089.825081
0.3485265339938153,0.27328718977343325,1629842089.825081
0.49329710277015637,0.21800759312008922,1629842089.825081
0.14388381275973727,0.5562744038222464,1629842089.825081
0.11998458931564682,0.2430851311551987,1629842089.825081
0.9282717698494893,0.6273627986062112,1629842089.825081
0.6961188422904192,0.1332652439117904,1629842089.825081
0.12115772568340666,0.7593286128546117,1629842089.825081
0.6759920798359368,0.9471861136266951,1629842089.825081
0.20754460823512744,0.0218412139947044,1629842089.825081
0.8895309581627036,0.05281263488849408,1629842089.825081
0.16111019272599303,0.830067801476208,1629842089.825081
0.9008969138462385,0.8235017382295361,1629842089.825081
0.3199311156523512,0.19139126421680763,1629842089.825081
0.015991750049040188,0.32770191912462365,1629842089.825081
0.05636299385578891,0.41379150941267717,1629842089.825081
0.8812357601408365,0.4354864084158916,1629842089.825081
0.5700460948030922,0.008564672181890387,1629842089.825081
0.7249261713726559,0.2754672590829418,1629842089.825081
0.9654076246203068,0.15851744990861338,1629842089.825081
0.5062023914856749,0.7124694257682941,1629842089.825081
0.9790386924997564,0.8908210598195523,1629842089.825081
0.26807267785970446,0.1334535020178369,1629842089.825081
0.6071262269305897,0.7259510540097943,1629842089.825081
0.1919735176526024,0.2008434597480312,1629842089.825081
0.4535987527739761,0.38600777847513246,1629842089.825081
0.19583846759739187,0.4165584281827419,1629842089.825081
0.010269755577622552,0.020817410226629973,1629842089.825081
0.23822435020976485,0.8066962308366118,1629842089.825081
0.5664298498662802,0.4017787470568892,1629842089.825081
0.3089380967920339,0.049078352469844155,1629842089.825081
0.052860820845379686,0.471305343585669,1629842089.825081
0.36765955440417153,0.22543249938122623,1629842089.825081
0.8175278416492168,0.19876412982653358,1629842089.825081
0.569829721304386,0.5942316605296887,1629842089.825081
0.7367314864892546,0.29152434334419974,1629842089.825081
0.6990172036377083,0.9022009642713712,1629842089.825081
0.3644578206140999,0.31622852090619524,1629842089.825081
0.12280669006058698,0.941413721024227,1629842089.825081
0.39093511073230924,0.19496267934541245,1629842089.825081
0.19368525643564682,0.30130442366388765,1629842089.825081
0.9818650384877741,0.8804774024658606,1629842089.825081
0.560884088560905,0.08329879525896211,1629842089.825081
0.7949696079995552,0.25409955918980776,1629842089.825081
0.8250109898654715,0.8064262331636505,1629842089.825081
0.9804121339964377,0.16204780153962117,1629842089.825081
0.478642138630596,0.45394910198348837,1629842089.825081
0.519593689306186,0.7095043994325099,1629842089.825081
0.47191039858738615,0.4675231922663823,1629842089.825081
0.41751825679530397,0.7211665200444015,1629842089.825081
0.45363235366253596,0.08445116384806572,1629842089.825081
0.2855082526161633,0.6041103526287406,1629842089.825081
0.0027805877731572615,0.8003690958232917,1629842089.825081
0.7206991469594938,0.7877735485850342,1629842089.825081
0.7503312229574388,0.773506379047846,1629842089.825081
0.7559635762146851,0.8419958989802644,1629842089.825081
0.11016132086727193,0.5129930152353817,1629842089.825081
0.941185951567254,0.027508977896911646,1629842089.825081
0.9505403217711161,0.8382966194263154,1629842089.825081
0.329423687766755,0.989367351381952,1629842089.825081
0.5488975477475717,0.5074780392743751,1629842089.825081
0.1942982628241382,0.3040446245913563,1629842089.825081
0.16747911794718473,0.44493017137424173,1629842089.825081
0.7036799316973145,0.7924641279890563,1629842089.825081
0.2471331057769608,0.621166308070395,1629842089.825081
0.1847884672923047,0.9439479609021861,1629842089.825081
0.6472942122511202,0.8190416539573953,1629842089.825081
0.9695758379830295,0.9874910058002163,1629842089.825081
0.7332910803012401,0.22875243575036341,1629842089.825081
0.17022201728928588,0.41119022575993336,1629842089.825081
0.16299008120951342,0.6165749235608194,1629842089.825081
0.7673457322166544,0.5726461957763079,1629842089.825081
0.07775002990704938,0.8164059975293696,1629842089.825081
0.014449069759140953,0.9228510347021425,1629842089.825081
0.8181318945130356,0.05075587667659953,1629842089.825081
0.0863803529529894,0.5511064540675493,1629842089.825081
0.6147200078643573,0.149616697353111,1629842089.825081
0.433181837034487,0.6476840741989303,1629842089.825081
0.20020948506595138,0.25754726134793215,1629842089.825081
0.3570584535211795,0.39386675712429575,1629842089.825081
0.7407130699623509,0.6318203218367351,1629842089.825081
0.5206599176717496,0.6720661844312634,1629842089.825081
0.14709379792733135,0.2492775121552554,1629842089.825081
0.4477934801183169,0.17057714610557773,1629842089.825081
0.9248129565770608,0.2644131396882312,1629842089.825081
0.6586697601343477,0.6808219394945548,1629842089.825081
0.267238801673649,0.6917367311026493,1629842089.825081
0.636780003434005,0.8184355075209132,1629842089.825081
0.2489079247034235,0.1241083392363087,1629842089.825081
0.5430542790071369,0.7857378362097355,1629842089.825081
0.9916527592882215,0.7338899732657033,1629842089.825081
0.3115117898021609,0.6565050847010516,1629842089.825081
0.06502267448188404,0.29677536786611947,1629842089.825081
0.3705620661581964,0.887527983903352,1629842089.825081
0.42580582405626344,0.9815411174585157,1629842089.825081
0.4141100205518363,0.6387995908429456,1629842089.825081
0.592286487522934,0.46788223529624506,1629842089.825081
0.5235755250873494,0.21320138329198113,1629842089.825081
0.5221095090891273,0.6858654958840924,1629842089.825081
0.15896086296946754,0.8380782618619371,1629842089.825081
0.17149491716602439,0.09741156922391014,1629842089.825081
0.020618561276093073,0.040568909189051094,1629842089.825081
0.39503522956279924,0.7572202975625865,1629842089.825081
0.6917592008522798,0.9297061917185514,1629842089.825081
0.20887673326450384,0.21832297508280196,1629842089.825081
0.37849348663004323,0.12866814876486865,1629842089.825081
0.22860298562535686,0.8923363605077089,1629842089.825081
0.3449939187534652,0.703770852269323,1629842089.825081
0.3370525076815357,0.5707312847258433,1629842089.825081
0.1513915309148347,0.23074958704593174,1629842089.825081
0.21422120725879024,0.7511252101356827,1629842089.825081
0.09505708653227918,0.846687161131793,1629842089.825081
0.43563539285997466,0.6936569760958814,1629842089.825081
0.7666360137762731,0.6508131741833291,1629842089.825081
0.26175576905069176,0.7797962860386896,1629842089.825081
0.47619340822938505,0.2990132983216178,1629842089.825081
0.6143655394738421,0.7438270412294143,1629842089.825081
0.5641884923657128,0.5115423451590623,1629842089.825081
0.8286383910228321,0.24518734332359582,1629842089.825081
0.5410356999130042,0.9488909905920864,1629842089.825081
0.3092833408642396,0.7978524388033014,1629842089.825081
0.7148747894190005,0.6344465388720771,1629842089.825081
0.26995708535295804,0.7857793388065937,1629842089.825081
0.3968848226743581,0.37538624671431087,1629842089.825081
0.508857158577575,0.3138632678625798,1629842089.825081
0.35583108422445,0.3438519978305964,1629842089.825081
0.021483188602038905,0.4743542786554519,1629842089.825081
0.4182926679526293,0.9807391302052298,1629842089.825081
0.9665828464193148,0.11790927050691657,1629842089.825081
0.9749279639695484,0.29097179182030153,1629842089.825081
0.19840637445246956,0.8694140048601204,1629842089.825081
0.3660519308023522,0.5688185421778365,1629842089.825081
0.6494358927413106,0.9761691188954259,1629842089.825081
0.642977670458881,0.9013810485078376,1629842089.825081
0.10832195362616459,0.46125959467185484,1629842089.825081
0.46883472931013437,0.09486538413633427,1629842089.825081
0.6709013854613797,0.7277528049753889,1629842089.825081
0.963495731297132,0.1821144941327245,1629842089.825081
0.9211132355248838,0.9409450012015586,1629842089.825081
0.13429377586722102,0.15473742649655653,1629842089.825081
0.16885982092347784,0.8755593323617709,1629842089.825081
0.5965076714430462,0.14210673464892487,1629842089.825081
